[22/Jan/2021 11:47:06.725] ::: Created directory </tmp/jormal-picsom-39501>
[22/Jan/2021 11:47:06.725] ::: Created directory </tmp/jormal-picsom-39501/tmp>
[22/Jan/2021 11:47:06.728] ::: PicSOM.C = 2.636
[22/Jan/2021 11:47:06.728] ::: PicSOM.h = 2.332
[22/Jan/2021 11:47:06.728] ::: compiler = GCC 4.8.5
[22/Jan/2021 11:47:06.728] ::: CODEFLAGS = -O3 -std=c++11 -Wno-deprecated -D PICSOM_PATH=/scratch/cs/imagedb/picsom -D PICSOM_USE_AUDIO -D PICSOM_IMAGEDATA_FAST -D PICSOM_USE_JAULA -D PICSOM_USE_VLFEAT -D PICSOM_USE_CAFFE -D CPU_ONLY -D USE_MKL -D PICSOM_USE_PYTHON3 -fPIC -D PICSOM_USE_OPENCV
[22/Jan/2021 11:47:06.728] ::: compiletime = Jan 13 2021 14:43:12
[22/Jan/2021 11:47:06.728] ::: Algorithms = textonly, randomx, picsomx, example
[22/Jan/2021 11:47:06.728] ::: Methods = precalculated, wordinverse, svm, tssom
[22/Jan/2021 11:47:06.728] ::: Features = extbatch, torchvision, i3d, torchdensecap, pyfasterrcnn, 
[22/Jan/2021 11:47:06.728] ::: 	caffe, trajectory, vlfeat, zerocrossingrate, avgaudioenergy, 
[22/Jan/2021 11:47:06.728] ::: 	audiofreq, geom, edgehistogram, dominantcolor, scalablecolor, 
[22/Jan/2021 11:47:06.728] ::: 	colorlayout, ColorSIFT, ipld, sift, externalsound, wordhist, 
[22/Jan/2021 11:47:06.728] ::: 	msgdate, ngram, cepstr, edgefourier, edgecoocc, edgehist, 
[22/Jan/2021 11:47:06.728] ::: 	zernikemom, contourfd, raw, samplecolour, colour, colm, 
[22/Jan/2021 11:47:06.728] ::: 	texture, rgb, dummy
[22/Jan/2021 11:47:06.728] ::: Segmentations = TemporalMorphology, DisplayResults, AddDescription
[22/Jan/2021 11:47:06.728] ::: CUDA = 10000 (0,0)
[22/Jan/2021 11:47:06.728] ::: Pieces = caffe_20190403,
[22/Jan/2021 11:47:06.728] ::: 	protobuf_3002000,
[22/Jan/2021 11:47:06.728] ::: 	torch,
[22/Jan/2021 11:47:06.728] ::: 	intel_mkl_110003 (),
[22/Jan/2021 11:47:06.728] ::: 	OpenBlas DYNAMIC_ARCH NO_AFFINITY Sandybridge MAX_THREADS=12, csoap,
[22/Jan/2021 11:47:06.728] ::: 	mad_0.15.1 (beta) (MPEG Audio Decoder 0.15.1 (beta)),
[22/Jan/2021 11:47:06.728] ::: 	sndfile (libsndfile-1.0.21), audiodfile_0.2.4,
[22/Jan/2021 11:47:06.728] ::: 	fftw3 (FFTW 3.3.4 wrappers to MKL), opencv_3.4.5,
[22/Jan/2021 11:47:06.728] ::: 	vlfeat_0.9.17 (0.9.17), flandmark,
[22/Jan/2021 11:47:06.728] ::: 	sqlite3_3.7.17 (3.7.17), LMDB 0.9.14: (June 20,
[22/Jan/2021 11:47:06.728] ::: 	2014) (LMDB 0.9.14: (June 20, 2014)), libmagic,
[22/Jan/2021 11:47:06.728] ::: 	OpenSSL 1.0.2k-fips  26 Jan 2017, WordNet (3.0),
[22/Jan/2021 11:47:06.728] ::: 	Aspell (), libavcodec_58.54.100 (58.54.100),
[22/Jan/2021 11:47:06.728] ::: 	libavformat_58.29.100 (58.29.100),
[22/Jan/2021 11:47:06.728] ::: 	libavutil_56.31.100 (56.31.100),
[22/Jan/2021 11:47:06.728] ::: 	libswscale_5.5.100 (5.5.100), jsoncpp_1.6.5, libzip_1.2.0,
[22/Jan/2021 11:47:06.728] ::: 	TIFF_20120922, giflib_5.1.4, hdf5_1.10.5 (1.10.5)
[22/Jan/2021 11:47:06.728] ::: Python = 3.6.3 (3.6.3 (default, Sep  7 2018, 09:35:51)  [GCC 5.5.0])
[22/Jan/2021 11:47:06.728] ::: Raptor = 2.0.15 (2.0.15)
[22/Jan/2021 11:47:06.728] ::: Rasqal = 0.9.33 (0.9.33)
[22/Jan/2021 11:47:06.728] ::: cv::cuda::CudaEnabledDeviceCount = -1 (no devices)
[22/Jan/2021 11:47:06.728] :::   compute capability built = 10 11 12 13 20 21 30 35 global_atomics shared_atomics native_double warp_shuffle_functions dynamic_parallelism
[22/Jan/2021 11:47:06.728] :::   compute capability has = 3.0 3.5 3.7 5.0 5.2 6.0 6.1 7.0 7.5
[22/Jan/2021 11:47:06.728] :::   compute capability ptx = 
[22/Jan/2021 11:47:06.728] :::   compute capability bin = 3.0 3.5 3.7 5.0 5.2 6.0 6.1 7.0 7.5
[22/Jan/2021 11:47:06.728] ::: imagedata = $Id: imagedata.h,v 1.114 2020/02/25 08:38:15 jormal Exp $
[22/Jan/2021 11:47:06.728] ::: imagefile = $Id: imagefile.h,v 1.57 2019/05/29 12:49:18 jormal Exp $
[22/Jan/2021 11:47:06.728] ::: imagefile::impl = $Id: imagefile-opencv.C,v 1.40 2019/06/18 10:09:10 jormal Exp $
[22/Jan/2021 11:47:06.728] ::: imagefile::impl_library = OpenCV 3.4.5
[22/Jan/2021 11:47:06.728] ::: xmlParserVersion = 2.9.4 / 20904
[22/Jan/2021 11:47:06.728] ::: ZLIB_VERSION = 1.2.7 / 1.2.7
[22/Jan/2021 11:47:06.728] ::: pthreads = in Classifier.C and in PicSOM.C (threads=-1, conn=0, tssom=0, analysis=0)
[22/Jan/2021 11:47:06.736] ::: user=jormal, host=login2, ip=10.10.254.21, arch=linux64, distr=CentOS Linux release 7.9.2009 (Core), pid=39501/39501, gpudevice=-1, development=1
[22/Jan/2021 11:47:06.736] ::: CUDA driver=0.0 runtime=0.0 devicecount=0
[22/Jan/2021 11:47:06.736] ::: cwd=/scratch/cs/imagedb/picsom/databases/memad-uc1/analysis/jorma/videoshotsequence
[22/Jan/2021 11:47:06.736] ::: cmdline=picsom ./videoshotsequence - 202000824065
[22/Jan/2021 11:47:06.736] ::: binary=/scratch/cs/imagedb/jormal/picsom/c++/picsom.linux64.fast
[22/Jan/2021 11:47:06.736] ::: RootDir()=/home/jormal/picsom
[22/Jan/2021 11:47:06.736] ::: Path()=/scratch/cs/imagedb/picsom
[22/Jan/2021 11:47:06.736] ::: UserHomeDir()=/home/jormal
[22/Jan/2021 11:47:06.736] ::: UserName()=jormal
[22/Jan/2021 11:47:06.736] ::: SolveArchitecture()=linux64
[22/Jan/2021 11:47:06.736] ::: ${LD_LIBRARY_PATH}=/share/apps/spack/software/cudnn/7.4.2/ytqkwf3/lib64:/share/apps/spack/software/cuda/10.0.130/sr56dkt/lib64
[22/Jan/2021 11:47:06.736] ::: ${LOADEDMODULES}=cuda/10.0.130:cudnn/7.4.2-cuda
[22/Jan/2021 11:47:06.736] ::: ${PATH}=/home/jormal/bin:/share/apps/spack/software/cuda/10.0.130/sr56dkt/bin:/usr/lib/qt-3.3/bin:/usr/lib64/ccache:/home/jormal/bin:/usr/local/bin:/usr/bin:/scratch/cs/imagedb/picsom/linux64/bin:/home/jormal/.local/bin:/usr/local/sbin:/usr/sbin:/sbin:/usr/sbin:/home/jormal/hosts
[22/Jan/2021 11:47:06.736] ::: Registered thread 0(0)/unlimited/1(0+0+0/0) "" <picsom-0> picsom 39501 0 0 : main
[22/Jan/2021 11:47:06.738]   *memad-uc1* Opening database with sql=ro fea=ro det=ro
[22/Jan/2021 11:47:06.745]   *memad-uc1* Path()=/scratch/cs/imagedb/picsom/databases/memad-uc1 filesystem=10.12.0.5@o2ib2,10.13.0.5@o2ib3:10.12.0.6@o2ib2,10.13.0.6@o2ib3:/lstr12k mountpoint=/scratch
[22/Jan/2021 11:47:06.745] ::: Created directory </tmp/jormal-picsom-39501/memad-uc1>
[22/Jan/2021 11:47:06.747]   *memad-uc1* Copied </scratch/cs/imagedb/picsom/databases/memad-uc1/sqlite3.db> to </tmp/jormal-picsom-39501/memad-uc1/sqlite3.db> 496640 bytes (485kB) in 0.00107775 s (439MB/s)
[22/Jan/2021 11:47:06.747] ::: Executing system(/bin/touch -r /scratch/cs/imagedb/picsom/databases/memad-uc1/sqlite3.db /tmp/jormal-picsom-39501/memad-uc1/sqlite3.db)
[22/Jan/2021 11:47:06.751] ::: Successfully executed system(/bin/touch -r /scratch/cs/imagedb/picsom/databases/memad-uc1/sqlite3.db /tmp/jormal-picsom-39501/memad-uc1/sqlite3.db) in 0.00428281 s
[22/Jan/2021 11:47:06.752]   *memad-uc1* Sqlite DB </tmp/jormal-picsom-39501/memad-uc1/sqlite3.db> 496640 bytes stored [22.01.2021 10:13:08] opened read-only
[22/Jan/2021 11:47:06.752]   *memad-uc1* SQL contains tables: version (1) files (1) objects (2082) aliases (0) segmentations (0) history (0) subobjects (2070)
[22/Jan/2021 11:47:06.753]   *memad-uc1* Retrieved <settings.xml> (5487 bytes, times 22.01.2021 10:10:01 and 22.01.2021 10:10:01) from SQL
[22/Jan/2021 11:47:06.754] W *memad-uc1* Settings read from </tmp/jormal-picsom-39501/memad-uc1/settings.xml>
[22/Jan/2021 11:47:06.754] W *memad-uc1* Format of labels is 12=12
[22/Jan/2021 11:47:06.754] W *memad-uc1* Using binary features read=yes write=yes
[22/Jan/2021 11:47:06.754]   *caffe* Opening database with sql=ro fea=ro det=ro
[22/Jan/2021 11:47:06.761]   *caffe* Path()=/scratch/cs/imagedb/picsom/databases/caffe filesystem=10.12.0.5@o2ib2,10.13.0.5@o2ib3:10.12.0.6@o2ib2,10.13.0.6@o2ib3:/lstr12k mountpoint=/scratch
[22/Jan/2021 11:47:06.761] ::: Created directory </tmp/jormal-picsom-39501/caffe>
[22/Jan/2021 11:47:06.762]   *caffe* Copied </scratch/cs/imagedb/picsom/databases/caffe/sqlite3.db> to </tmp/jormal-picsom-39501/caffe/sqlite3.db> 24576 bytes (24.0kB) in 0.00149682 s (15.7MB/s)
[22/Jan/2021 11:47:06.762] ::: Executing system(/bin/touch -r /scratch/cs/imagedb/picsom/databases/caffe/sqlite3.db /tmp/jormal-picsom-39501/caffe/sqlite3.db)
[22/Jan/2021 11:47:06.767] ::: Successfully executed system(/bin/touch -r /scratch/cs/imagedb/picsom/databases/caffe/sqlite3.db /tmp/jormal-picsom-39501/caffe/sqlite3.db) in 0.00467138 s
[22/Jan/2021 11:47:06.767]   *caffe* Sqlite DB </tmp/jormal-picsom-39501/caffe/sqlite3.db> 24576 bytes stored [21.06.2018 17:20:44] opened read-only
[22/Jan/2021 11:47:06.768]   *caffe* SQL contains tables: version (1) files (1) objects (0) aliases (0) segmentations (0) history (0)
[22/Jan/2021 11:47:06.768]   *caffe* Retrieved <settings.xml> (11827 bytes, times 21.06.2018 17:20:21 and 21.06.2018 17:20:44) from SQL
[22/Jan/2021 11:47:06.769] W *caffe* Settings read from </tmp/jormal-picsom-39501/caffe/settings.xml>
[22/Jan/2021 11:47:06.769] W *caffe* Format of labels is 2+2+2+2=8
[22/Jan/2021 11:47:06.769] W *caffe* Using binary features read=yes write=yes
[22/Jan/2021 11:47:07.139]   *caffe* Starting to read labels from SQL
[22/Jan/2021 11:47:07.139]   *caffe* Built subobject index in 0.000 seconds, 0 new objects have total of 0 subobjects
[22/Jan/2021 11:47:07.266]   *svmdb* Opening database with sql=ro fea=ro det=ro
[22/Jan/2021 11:47:07.274]   *svmdb* Path()=/scratch/cs/imagedb/picsom/databases/svmdb filesystem=10.12.0.5@o2ib2,10.13.0.5@o2ib3:10.12.0.6@o2ib2,10.13.0.6@o2ib3:/lstr12k mountpoint=/scratch
[22/Jan/2021 11:47:07.274] ::: Created directory </tmp/jormal-picsom-39501/svmdb>
[22/Jan/2021 11:47:07.274]   *svmdb* Copied </scratch/cs/imagedb/picsom/databases/svmdb/sqlite3.db> to </tmp/jormal-picsom-39501/svmdb/sqlite3.db> 19456 bytes (19.0kB) in 0.000417928 s (44.4MB/s)
[22/Jan/2021 11:47:07.274] ::: Executing system(/bin/touch -r /scratch/cs/imagedb/picsom/databases/svmdb/sqlite3.db /tmp/jormal-picsom-39501/svmdb/sqlite3.db)
[22/Jan/2021 11:47:07.279] ::: Successfully executed system(/bin/touch -r /scratch/cs/imagedb/picsom/databases/svmdb/sqlite3.db /tmp/jormal-picsom-39501/svmdb/sqlite3.db) in 0.0044933 s
[22/Jan/2021 11:47:07.279]   *svmdb* Sqlite DB </tmp/jormal-picsom-39501/svmdb/sqlite3.db> 19456 bytes stored [23.05.2018 17:07:47] opened read-only
[22/Jan/2021 11:47:07.280]   *svmdb* SQL contains tables: version (1) files (1) objects (0) aliases (0) segmentations (0) history (0)
[22/Jan/2021 11:47:07.282] W *svmdb* Settings read from </scratch/cs/imagedb/picsom/databases/svmdb/settings.xml>
[22/Jan/2021 11:47:07.282] W *svmdb* Format of labels is 6=6
[22/Jan/2021 11:47:07.282] W *svmdb* Using binary features read=yes write=yes
[22/Jan/2021 11:47:07.282]   *svmdb* Starting to read labels from SQL
[22/Jan/2021 11:47:07.282]   *svmdb* Built subobject index in 0.000 seconds, 0 new objects have total of 0 subobjects
[22/Jan/2021 11:47:07.283]   *svmdb* Read cat2wn data from <cat2wn.txt> where 205 categories matched 203 synsets in 205 rules
[22/Jan/2021 11:47:07.284]   *sun-397* Opening database with sql=ro fea=ro det=ro
[22/Jan/2021 11:47:07.292]   *sun-397* Path()=/scratch/cs/imagedb/picsom/databases/sun-397 filesystem=10.12.0.5@o2ib2,10.13.0.5@o2ib3:10.12.0.6@o2ib2,10.13.0.6@o2ib3:/lstr12k mountpoint=/scratch
[22/Jan/2021 11:47:07.292] ::: Created directory </tmp/jormal-picsom-39501/sun-397>
[22/Jan/2021 11:47:07.322]   *sun-397* Copied </scratch/cs/imagedb/picsom/databases/sun-397/sqlite3.db> to </tmp/jormal-picsom-39501/sun-397/sqlite3.db> 21628928 bytes (20.6MB) in 0.0298498 s (691MB/s)
[22/Jan/2021 11:47:07.322] ::: Executing system(/bin/touch -r /scratch/cs/imagedb/picsom/databases/sun-397/sqlite3.db /tmp/jormal-picsom-39501/sun-397/sqlite3.db)
[22/Jan/2021 11:47:07.328] ::: Successfully executed system(/bin/touch -r /scratch/cs/imagedb/picsom/databases/sun-397/sqlite3.db /tmp/jormal-picsom-39501/sun-397/sqlite3.db) in 0.00563664 s
[22/Jan/2021 11:47:07.328]   *sun-397* Sqlite DB </tmp/jormal-picsom-39501/sun-397/sqlite3.db> 21628928 bytes stored [23.05.2018 17:07:47] opened read-only
[22/Jan/2021 11:47:07.336]   *sun-397* SQL contains tables: version (1) files (1) objects (108756) aliases (0) segmentations (0) history (0)
[22/Jan/2021 11:47:07.336]   *sun-397* Retrieved <settings.xml> (9192 bytes, times 19.02.2016 17:38:01 and 19.02.2016 17:38:30) from SQL
[22/Jan/2021 11:47:07.337] W *sun-397* Settings read from </tmp/jormal-picsom-39501/sun-397/settings.xml>
[22/Jan/2021 11:47:07.337] W *sun-397* Format of labels is 3+2+2=7
[22/Jan/2021 11:47:07.337] W *sun-397* Using binary features read=yes write=yes
[22/Jan/2021 11:47:07.461]   *sun-397* Starting to read labels from SQL
[22/Jan/2021 11:47:07.658]   *sun-397* Read 108756 object labels from SQL in 0.197 seconds (552860/s), total size now 108756
[22/Jan/2021 11:47:07.658]   *sun-397* ( 0.196715 = 0.000145898 + 0.196569 )
[22/Jan/2021 11:47:07.658]   *sun-397* TargetType statistics of sun-397 :
[22/Jan/2021 11:47:07.658]   *sun-397*   = total =        108756
[22/Jan/2021 11:47:07.658]   *sun-397*   image            108756
[22/Jan/2021 11:47:07.661]   *sun-397* Built subobject index in 0.003 seconds, 0 new objects have total of 0 subobjects
[22/Jan/2021 11:47:07.664]   *sun-397* Read cat2wn data from <cat2wn.txt> where 309 categories matched 288 synsets in 310 rules
[22/Jan/2021 11:47:07.666]   *memad-uc1* Starting to read labels from SQL
[22/Jan/2021 11:47:07.670]   *memad-uc1* Read 2082 object labels from SQL in 0.004 seconds (478565/s), total size now 2082
[22/Jan/2021 11:47:07.670]   *memad-uc1* ( 0.00435051 = 0.000162029 + 0.00418848 )
[22/Jan/2021 11:47:07.670]   *memad-uc1* TargetType statistics of memad-uc1 :
[22/Jan/2021 11:47:07.670]   *memad-uc1*   = total =          2082
[22/Jan/2021 11:47:07.670]   *memad-uc1*   file                 12
[22/Jan/2021 11:47:07.670]   *memad-uc1*   segment            1035
[22/Jan/2021 11:47:07.670]   *memad-uc1*   image              1035
[22/Jan/2021 11:47:07.670]   *memad-uc1*   video              1047
[22/Jan/2021 11:47:07.670]   *memad-uc1*   file+video           12
[22/Jan/2021 11:47:07.670]   *memad-uc1*   segment+video      1035
[22/Jan/2021 11:47:07.672]   *memad-uc1* Built subobject index in 0.001 seconds, 12 new objects have total of 2070 subobjects
[22/Jan/2021 11:47:07.674] == Script: analyse=videoshotsequence database=memad-uc1 features=c_in12_rn152_pool5o_d_a segmentspec=:t
[22/Jan/2021 11:47:07.674] == Args:   202000824065
[22/Jan/2021 11:47:07.675] == AnalyseVideoShotsequence
collected: 202000824065:t0 0.48
collected: 202000824065:t1 9.92
collected: 202000824065:t2 18.6
collected: 202000824065:t3 22.92
collected: 202000824065:t4 24.32
collected: 202000824065:t5 36.64
collected: 202000824065:t6 39.08
collected: 202000824065:t7 42.32
collected: 202000824065:t8 42.56
collected: 202000824065:t9 73.4
collected: 202000824065:t10 76.68
collected: 202000824065:t11 78.68
collected: 202000824065:t12 82.24
collected: 202000824065:t13 84.08
collected: 202000824065:t14 91.36
collected: 202000824065:t15 98.84
collected: 202000824065:t16 103.52
collected: 202000824065:t17 106.72
collected: 202000824065:t18 107.68
collected: 202000824065:t19 122.2
collected: 202000824065:t20 127.12
collected: 202000824065:t21 129.12
collected: 202000824065:t22 132.64
collected: 202000824065:t23 147.76
collected: 202000824065:t24 154.8
collected: 202000824065:t25 163.52
collected: 202000824065:t26 169.92
collected: 202000824065:t27 172
collected: 202000824065:t28 184.56
collected: 202000824065:t29 192.28
collected: 202000824065:t30 220.6
[22/Jan/2021 11:47:07.686]   tssom{memad-uc1/c_in12_rn152_pool5o_d_a [image]} Opened existing 17055808 bytes (16.3MB) bin data file <features/c_in12_rn152_pool5o_d_a.bin> for reading
[22/Jan/2021 11:47:07.686]   tssom{memad-uc1/c_in12_rn152_pool5o_d_a [image]}   PSBD v1 [64] len=8192 dim=2048 format=0x1 size=17055808 (16.3MB) [float, 32 bits/comp, 2082 objects] ro
distances: 202000824065:t0[22/Jan/2021 11:47:07.693]   *memad-uc1* DataBase::FeatureDataCombinedPrepare(c_in12_rn152_pool5o_d_a) : file </scratch/cs/imagedb/picsom/databases/memad-uc1/features/c_in12_rn152_pool5o_d_a.txt> doesn't exist
 middleframe 202000824065:5
distances: 202000824065:t1 middleframe 202000824065:129
distances: 202000824065:t2 middleframe 202000824065:356
distances: 202000824065:t3 middleframe 202000824065:518
distances: 202000824065:t4 middleframe 202000824065:590
distances: 202000824065:t5 middleframe 202000824065:761
distances: 202000824065:t6 middleframe 202000824065:946
distances: 202000824065:t7 middleframe 202000824065:1017
distances: 202000824065:t8 middleframe 202000824065:1060
distances: 202000824065:t9 middleframe 202000824065:1449
distances: 202000824065:t10 middleframe 202000824065:1876
distances: 202000824065:t11 middleframe 202000824065:1942
distances: 202000824065:t12 middleframe 202000824065:2011
distances: 202000824065:t13 middleframe 202000824065:2078
distances: 202000824065:t14 middleframe 202000824065:2192
distances: 202000824065:t15 middleframe 202000824065:2377
distances: 202000824065:t16 middleframe 202000824065:2529
distances: 202000824065:t17 middleframe 202000824065:2627
distances: 202000824065:t18 middleframe 202000824065:2679
distances: 202000824065:t19 middleframe 202000824065:2873
distances: 202000824065:t20 middleframe 202000824065:3116
distances: 202000824065:t21 middleframe 202000824065:3202
distances: 202000824065:t22 middleframe 202000824065:3272
distances: 202000824065:t23 middleframe 202000824065:3504
distances: 202000824065:t24 middleframe 202000824065:3781
distances: 202000824065:t25 middleframe 202000824065:3979
distances: 202000824065:t26 middleframe 202000824065:4167
distances: 202000824065:t27 middleframe 202000824065:4273
distances: 202000824065:t28 middleframe 202000824065:4456
distances: 202000824065:t29 middleframe 202000824065:4710
distances: 202000824065:t30 middleframe 202000824065:5160
[22/Jan/2021 11:47:08.236] == Stored raw distance matrix in <202000824065-raw.npy>
[22/Jan/2021 11:47:08.237] == Stored equalized distance matrix in <202000824065-eq.npy>
[22/Jan/2021 11:47:08.237] == Stored time points in <202000824065-time.npy>
QQQ 0310 202000824065:t0 00:00:00.000 00:00:00.480                                           0  73  63  54  65  68  72  64  54  62  66   100  54  46  46
QQQ 1311 202000824065:t1 00:00:00.480 00:00:09.920                                      73   0  74  71  70  71  94  78  67  71  75  86    73  67   6 -40
QQQ 2312 202000824065:t2 00:00:09.920 00:00:18.600                                  63  74   0  53  73  61  74  65  54  53  58  71  57    63  53  10   4
QQQ 3313 202000824065:t3 00:00:18.600 00:00:22.920                              54  71  53   0  43  49  63  44  37  53  47  53  44  59    53  37  16   6
QQQ 4314 202000824065:t4 00:00:22.920 00:00:24.320                          65  70  73  43   0  45  86  60  38  60  55  74  62  81  34    43  34   9  -7
QQQ 5315 202000824065:t5 00:00:24.320 00:00:36.640                      68  71  61  49  45   0  77  56  36  50  42  71  57  73  42  72    45  36   9   0
QQQ 6316 202000824065:t6 00:00:36.640 00:00:39.080                  72  94  74  63  86  77   0  32  53  76  56  53  68  56  66  77  72    63  32  31  22
QQQ 7317 202000824065:t7 00:00:39.080 00:00:42.320              64  78  65  44  60  56  32   0  32  66  46  45  62  59  49  69  68  69    32  32   0 -31
QQQ 8318 202000824065:t8 00:00:42.320 00:00:42.560          54  67  54  37  38  36  53  32   0  35  38  59  54  63  33  59  57  58  57    32  33  -1  -1
QQQ 9319 202000824065:t9 00:00:42.560 00:01:13.400      62  71  53  53  60  50  76  66  35   0  53  78  62  77  43  74  66  69  70  73    35  43  -8  -7
QQQ 10320 202000824065:t10 00:01:13.400 00:01:16.680  66  75  58  47  55  42  56  46  38  53   0  37  57  42  45  64  65  65  58  70  63    38  37   1   9
QQQ 11321 202000824065:t11 00:01:16.680 00:01:18.680  86  71  53  74  71  53  45  59  78  37   0  64  37  62  62  71  73  60  67  71  51    37  37   0  -1
QQQ 12322 202000824065:t12 00:01:18.680 00:01:22.240  57  44  62  57  68  62  54  62  57  64   0  58  45  47  54  57  48  60  50  43  31    44  31  13  13
QQQ 13323 202000824065:t13 00:01:22.240 00:01:24.080  59  81  73  56  59  63  77  42  37  58   0  63  57  59  61  58  56  56  64  61  78    37  56 -19 -32
QQQ 14324 202000824065:t14 00:01:24.080 00:01:31.360  34  42  66  49  33  43  45  62  45  63   0  50  49  52  48  59  56  46  35  46  30    33  30   3  22
QQQ 15325 202000824065:t15 00:01:31.360 00:01:38.840  72  77  69  59  74  64  62  47  57  50   0  22  23  27  34  31  50  40  65  52  60    47  22  25  22
QQQ 16326 202000824065:t16 00:01:38.840 00:01:43.520  72  68  57  66  65  71  54  59  49  22   0   9  41  19  20  61  47  67  51  62  58    22   9  13 -12
QQQ 17327 202000824065:t17 00:01:43.520 00:01:46.720  69  58  69  65  73  57  61  52  23   9   0  43  24  24  67  52  70  54  63  59  65     9  24 -15 -28
QQQ 18328 202000824065:t18 00:01:46.720 00:01:47.680  57  70  58  60  48  58  48  27  41  43   0  52  52  45  38  56  49  58  61  74  50    27  38 -11   4
QQQ 19329 202000824065:t19 00:01:47.680 00:02:02.200  73  70  67  60  56  59  34  19  24  52   0  16  63  51  73  61  68  63  68  63  83    19  16   3  14
QQQ 20330 202000824065:t20 00:02:02.200 00:02:07.120  63  71  50  56  56  31  20  24  52  16   0  62  48  68  55  66  55  59  55  76  52    16  48 -32 -35
QQQ 21331 202000824065:t21 00:02:07.120 00:02:09.120  51  43  64  46  50  61  67  45  63  62   0  21  69  55  60  55  75  48  76  56        43  21  22  54
QQQ 22332 202000824065:t22 00:02:09.120 00:02:12.640  31  61  35  40  47  52  38  51  48  21   0  58  39  40  46  59  35  57  44            21  35 -14 -36
QQQ 23333 202000824065:t23 00:02:12.640 00:02:27.760  78  46  65  67  70  56  73  68  69  58   0  47  79  60  74  52  93  50                46  47  -1  13
QQQ 24334 202000824065:t24 00:02:27.760 00:02:34.800  30  52  51  54  49  61  55  55  39  47   0  61  41  63  33  79  33                    30  33  -3  -2
QQQ 25335 202000824065:t25 00:02:34.800 00:02:43.520  60  62  63  58  68  66  60  40  79  61   0  49  39  60  24  63                        40  24  16  19
QQQ 26336 202000824065:t26 00:02:43.520 00:02:49.920  58  59  61  63  55  55  46  60  41  49   0  33  44  60  49                            41  33   8  -8
QQQ 27337 202000824065:t27 00:02:49.920 00:02:52.000  65  74  68  59  75  59  74  63  39  33   0  60  48  62                                33  48 -15 -23
QQQ 28338 202000824065:t28 00:02:52.000 00:03:04.560  50  63  55  48  35  52  33  60  44  60   0  80  40                                    33  40  -7   8
QQQ 29339 202000824065:t29 00:03:04.560 00:03:12.280  83  76  76  57  93  79  24  60  48  80   0  76                                        24  76 -52 -45
QQQ 30340 202000824065:t30 00:03:12.280 00:03:40.600  52  56  44  50  33  63  49  62  40  76   0                                            33 100 -67 -15
Starting round 0 with 31 clusters
0 : 0
1 : 1
2 : 2
3 : 3
4 : 4
5 : 5
6 : 6
7 : 7
8 : 8
9 : 9
10 : 10
11 : 11
12 : 12
13 : 13
14 : 14
15 : 15
16 : 16
17 : 17
18 : 18
19 : 19
20 : 20
21 : 21
22 : 22
23 : 23
24 : 24
25 : 25
26 : 26
27 : 27
28 : 28
29 : 29
30 : 30
XXX:0:1:2:3:4:5:6:7:8:9:10:11:12:13:14:15:16:17:18:19:20:21:22:23:24:25:26:27:28:29:30
matrix<float> 31x31
0 2473.28 2130.62 1841.56 2194.53 2306.39 2445.63 2162.16 1835.47 2104.22 2230.35 2945.59 1829.45 2838.62 1693.6 2439.31 2325.85 2462.4 2641.25 2490.43 2112.64 2159.65 1885.22 2302.86 2359.08 2290.91 1737.41 1978.03 1887.94 2531.3 1772.71 
2473.28 0 2520.52 2411.16 2363.59 2410.74 3176.93 2625.8 2279.93 2408.25 2553.1 2902.31 2347.05 2984.83 2213.83 2672.53 2629.75 2784.44 2998.39 2953.24 2627.8 2744.28 2430.95 2478.86 2456.18 2510.17 1994.07 2157.58 2413.18 3080.67 2411.71 
2130.62 2520.52 0 1793.46 2483.43 2072.92 2491.98 2212.45 1833.91 1789.91 1973.37 2414.02 1925.44 2472.91 1415.86 2213.15 2250.56 2329.22 2251.9 2373.72 1977.35 2184.44 1860.73 1921.28 1545.67 2602.08 1820.75 2510.91 1914.96 2896.82 1732.78 
1841.56 2411.16 1793.46 0 1445.59 1672.88 2149.04 1500.68 1259.6 1779.65 1574.51 1795.71 1496.91 2012.05 839.832 1687.46 1781.16 1867 1722.83 2002.33 1867.97 1550.82 1103.92 1890.92 1313.7 1952.76 1685.87 2265.83 1291.26 2604.23 1397.3 
2194.53 2363.59 2483.43 1445.59 0 1523.1 2900.28 2013.99 1301.86 2027.66 1863.31 2513.21 2102.27 2730.13 1153.53 2107.42 2095.08 2126.8 2208.82 2515.4 2486.06 2309.36 1841.98 2004.94 1720.24 2573 2191.47 2632.22 1558.72 3384.57 1469.06 
2306.39 2410.74 2072.92 1672.88 1523.1 0 2610.77 1900.8 1205.37 1686.95 1414.05 2389.86 1940.61 2473.57 1436.32 2437.12 2273.93 2319.57 2369.92 2547.82 2272.49 2437.31 1891.52 2020.63 1624.86 2325.34 1786.12 2213.61 1651.18 2802.12 1411.34 
2445.63 3176.93 2491.98 2149.04 2900.28 2610.77 0 1095.3 1800.67 2565.08 1899.57 1801.77 2303.62 1887.88 2241.18 2619.84 2445.24 2533.29 2571.24 2200.17 2273.74 2407.41 2224.67 2545.7 2382.1 2304.63 2090.4 2376.1 2322.21 2788.72 2377.45 
2162.16 2625.8 2212.45 1500.68 2013.99 1900.8 1095.3 0 1076.65 2243.4 1566.09 1520.86 2109.76 2004.32 1653.74 2324.69 2290.75 2344.14 2509.88 2227.75 2269.6 2333.95 2080.86 2221.22 1970.54 2459.05 1795.61 2431.78 1942.89 3070.98 2000.12 
1835.47 2279.93 1833.91 1259.6 1301.86 1205.37 1800.67 1076.65 0 1193.81 1284.47 1994.76 1816.46 2136.42 1123.74 1991.58 1914.6 1975.28 1927.03 2064.3 1826.73 1985.8 1549.24 1741.18 1206.79 2156.15 1412.81 1978.37 1130.41 2763.31 1213.6 
2104.22 2408.25 1789.91 1779.65 2027.66 1686.95 2565.08 2243.4 1193.81 0 1803.46 2630.72 2088.45 2594.06 1464.77 2492.94 2223.49 2336.45 2384.09 2458.16 2107.29 2310.06 2032.33 1945.17 1364.58 2570.22 1808.16 2381.63 1642.02 2982.5 1415.49 
2230.35 2553.1 1973.37 1574.51 1863.31 1414.05 1899.57 1566.09 1284.47 1803.46 0 1258.95 1915.94 1427.55 1510.29 2165.18 2191.47 2192.66 1961.49 2360.6 2145.16 2049.83 1805.73 2155.79 1652.29 2308.49 1803.91 2369.6 1575.75 2920.24 1556.75 
2945.59 2902.31 2414.02 1795.71 2513.21 2389.86 1801.77 1520.86 1994.76 2630.72 1258.95 0 2154.62 1260.96 2085.13 2082.86 2391.04 2467.51 2015.87 2275.61 2416.11 1735.98 1880.83 2635.37 2201.08 2412.7 2119.25 3008.44 2316.12 3217.94 2305.02 
1829.45 2347.05 1925.44 1496.91 2102.27 1940.61 2303.62 2109.76 1816.46 2088.45 1915.94 2154.62 0 1973.79 1511.36 1583.65 1843.18 1934.34 1619.91 2034.36 1703.07 1438.5 1041.34 1849.26 1707.7 1546.52 1650.81 2016.28 1674.35 1721.84 1507 
2838.62 2984.83 2472.91 2012.05 2730.13 2473.57 1887.88 2004.32 2136.42 2594.06 1427.55 1260.96 1973.79 0 2148.82 1917.76 2001.42 2056.44 1955.11 1894.41 1885.41 2181.41 2059.67 2650.13 2233.79 2383.06 2279.8 2791.79 2346.69 3076.31 2197.4 
1693.6 2213.83 1415.86 839.832 1153.53 1436.32 2241.18 1653.74 1123.74 1464.77 1510.29 2085.13 1511.36 2148.82 0 1682.24 1675.32 1760.31 1614.24 2004.33 1890.46 1558.47 1171.17 1542.91 999.063 2017.85 1591.75 2123.6 1054.41 2726.43 1235.2 
2439.31 2672.53 2213.15 1687.46 2107.42 2437.12 2619.84 2324.69 1991.58 2492.94 2165.18 2082.86 1583.65 1917.76 1682.24 0 743.186 790.205 920.74 1154.51 1058.66 1686.48 1340.74 2212.05 1765.72 2019.39 1969.12 2377.3 1731.16 2655.71 1916.35 
2325.85 2629.75 2250.56 1781.16 2095.08 2273.93 2445.24 2290.75 1914.6 2223.49 2191.47 2391.04 1843.18 2001.42 1675.32 743.186 0 294.974 1400.34 649.646 685.427 2070.35 1584.63 2282.66 1717.08 2086.97 1960.31 2196.57 1762.54 2710.47 1735.4 
2462.4 2784.44 2329.22 1867 2126.8 2319.57 2533.29 2344.14 1975.28 2336.45 2192.66 2467.51 1934.34 2056.44 1760.31 790.205 294.974 0 1455.31 825.997 820.628 2251.44 1760.32 2379.81 1822.55 2129.67 2003.86 2191.72 1797.2 2781.12 1816.42 
2641.25 2998.39 2251.9 1722.83 2208.82 2369.92 2571.24 2509.88 1927.03 2384.09 1961.49 2015.87 1619.91 1955.11 1614.24 920.74 1400.34 1455.31 0 1750.21 1762.5 1516.51 1275.48 1887.69 1645.23 1953.57 2052.98 2493.69 1690.28 2561.61 1918.41 
2490.43 2953.24 2373.72 2002.33 2515.4 2547.82 2200.17 2227.75 2064.3 2458.16 2360.6 2275.61 2034.36 1894.41 2004.33 1154.51 649.646 825.997 1750.21 0 549.028 2141.78 1732.54 2459.61 2071.9 2295.81 2143.55 2287.12 2118.83 2823.68 2083.4 
2112.64 2627.8 1977.35 1867.97 2486.06 2272.49 2273.74 2269.6 1826.73 2107.29 2145.16 2416.11 1703.07 1885.41 1890.46 1058.66 685.427 820.628 1762.5 549.028 0 2115.05 1630.91 2303.43 1877.77 2229.81 1864.42 2012.01 1871.65 2566.98 1775.3 
2159.65 2744.28 2184.44 1550.82 2309.36 2437.31 2407.41 2333.95 1985.8 2310.06 2049.83 1735.98 1438.5 2181.41 1558.47 1686.48 2070.35 2251.44 1516.51 2141.78 2115.05 0 722.427 2340.47 1863.81 2028.26 1864.12 2524.2 1611.39 2580.21 1903.1 
1885.22 2430.95 1860.73 1103.92 1841.98 1891.52 2224.67 2080.86 1549.24 2032.33 1805.73 1880.83 1041.34 2059.67 1171.17 1340.74 1584.63 1760.32 1275.48 1732.54 1630.91 722.427 0 1964.03 1304.21 1355.52 1547.62 1986.19 1200.97 1925.72 1473.69 
2302.86 2478.86 1921.28 1890.92 2004.94 2020.63 2545.7 2221.22 1741.18 1945.17 2155.79 2635.37 1849.26 2650.13 1542.91 2212.05 2282.66 2379.81 1887.69 2459.61 2303.43 2340.47 1964.03 0 1593.16 2675.1 2041.53 2497.37 1764.07 3147.63 1686.52 
2359.08 2456.18 1545.67 1313.7 1720.24 1624.86 2382.1 1970.54 1206.79 1364.58 1652.29 2201.08 1707.7 2233.79 999.063 1765.72 1717.08 1822.55 1645.23 2071.9 1877.77 1863.81 1304.21 1593.16 0 2048.41 1393.59 2139.33 1126.92 2667.76 1125.5 
2290.91 2510.17 2602.08 1952.76 2573 2325.34 2304.63 2459.05 2156.15 2570.22 2308.49 2412.7 1546.52 2383.06 2017.85 2019.39 2086.97 2129.67 1953.57 2295.81 2229.81 2028.26 1355.52 2675.1 2048.41 0 1655.89 1336.25 2045.98 803.587 2147.74 
1737.41 1994.07 1820.75 1685.87 2191.47 1786.12 2090.4 1795.61 1412.81 1808.16 1803.91 2119.25 1650.81 2279.8 1591.75 1969.12 1960.31 2003.86 2052.98 2143.55 1864.42 1864.12 1547.62 2041.53 1393.59 1655.89 0 1133.31 1482 2040.06 1647.48 
1978.03 2157.58 2510.91 2265.83 2632.22 2213.61 2376.1 2431.78 1978.37 2381.63 2369.6 3008.44 2016.28 2791.79 2123.6 2377.3 2196.57 2191.72 2493.69 2287.12 2012.01 2524.2 1986.19 2497.37 2139.33 1336.25 1133.31 0 2016.31 1640.1 2099.66 
1887.94 2413.18 1914.96 1291.26 1558.72 1651.18 2322.21 1942.89 1130.41 1642.02 1575.75 2316.12 1674.35 2346.69 1054.41 1731.16 1762.54 1797.2 1690.28 2118.83 1871.65 1611.39 1200.97 1764.07 1126.92 2045.98 1482 2016.31 0 2701.15 1354.08 
2531.3 3080.67 2896.82 2604.23 3384.57 2802.12 2788.72 3070.98 2763.31 2982.5 2920.24 3217.94 1721.84 3076.31 2726.43 2655.71 2710.47 2781.12 2561.61 2823.68 2566.98 2580.21 1925.72 3147.63 2667.76 803.587 2040.06 1640.1 2701.15 0 2572.39 
1772.71 2411.71 1732.78 1397.3 1469.06 1411.34 2377.45 2000.12 1213.6 1415.49 1556.75 2305.02 1507 2197.4 1235.2 1916.35 1735.4 1816.42 1918.41 2083.4 1775.3 1903.1 1473.69 1686.52 1125.5 2147.74 1647.48 2099.66 1354.08 2572.39 0 
XXy 649.646
combining clusters
  16 : 16
  19 : 19
Starting round 1 with 31 clusters
0 : 0
1 : 1
2 : 2
3 : 3
4 : 4
5 : 5
6 : 6
7 : 7
8 : 8
9 : 9
10 : 10
11 : 11
12 : 12
13 : 13
14 : 14
15 : 15
16 : 16 19
17 : 17
18 : 18
19 : 20
20 : 21
21 : 22
22 : 23
23 : 24
24 : 25
25 : 26
26 : 27
27 : 28
28 : 29
29 : 30
XXX:0:1:2:3:4:5:6:7:8:9:10:11:12:13:14:15:16:17:18:16:19:20:21:22:23:24:25:26:27:28:29
matrix<float> 30x30
0 2473.28 2130.62 1841.56 2194.53 2306.39 2445.63 2162.16 1835.47 2104.22 2230.35 2945.59 1829.45 2838.62 1693.6 2439.31 2325.85 2462.4 2641.25 2112.64 2159.65 1885.22 2302.86 2359.08 2290.91 1737.41 1978.03 1887.94 2531.3 1772.71 
2473.28 0 2520.52 2411.16 2363.59 2410.74 3176.93 2625.8 2279.93 2408.25 2553.1 2902.31 2347.05 2984.83 2213.83 2672.53 2629.75 2784.44 2998.39 2627.8 2744.28 2430.95 2478.86 2456.18 2510.17 1994.07 2157.58 2413.18 3080.67 2411.71 
2130.62 2520.52 0 1793.46 2483.43 2072.92 2491.98 2212.45 1833.91 1789.91 1973.37 2414.02 1925.44 2472.91 1415.86 2213.15 2250.56 2329.22 2251.9 1977.35 2184.44 1860.73 1921.28 1545.67 2602.08 1820.75 2510.91 1914.96 2896.82 1732.78 
1841.56 2411.16 1793.46 0 1445.59 1672.88 2149.04 1500.68 1259.6 1779.65 1574.51 1795.71 1496.91 2012.05 839.832 1687.46 1781.16 1867 1722.83 1867.97 1550.82 1103.92 1890.92 1313.7 1952.76 1685.87 2265.83 1291.26 2604.23 1397.3 
2194.53 2363.59 2483.43 1445.59 0 1523.1 2900.28 2013.99 1301.86 2027.66 1863.31 2513.21 2102.27 2730.13 1153.53 2107.42 2095.08 2126.8 2208.82 2486.06 2309.36 1841.98 2004.94 1720.24 2573 2191.47 2632.22 1558.72 3384.57 1469.06 
2306.39 2410.74 2072.92 1672.88 1523.1 0 2610.77 1900.8 1205.37 1686.95 1414.05 2389.86 1940.61 2473.57 1436.32 2437.12 2273.93 2319.57 2369.92 2272.49 2437.31 1891.52 2020.63 1624.86 2325.34 1786.12 2213.61 1651.18 2802.12 1411.34 
2445.63 3176.93 2491.98 2149.04 2900.28 2610.77 0 1095.3 1800.67 2565.08 1899.57 1801.77 2303.62 1887.88 2241.18 2619.84 2200.17 2533.29 2571.24 2273.74 2407.41 2224.67 2545.7 2382.1 2304.63 2090.4 2376.1 2322.21 2788.72 2377.45 
2162.16 2625.8 2212.45 1500.68 2013.99 1900.8 1095.3 0 1076.65 2243.4 1566.09 1520.86 2109.76 2004.32 1653.74 2324.69 2227.75 2344.14 2509.88 2269.6 2333.95 2080.86 2221.22 1970.54 2459.05 1795.61 2431.78 1942.89 3070.98 2000.12 
1835.47 2279.93 1833.91 1259.6 1301.86 1205.37 1800.67 1076.65 0 1193.81 1284.47 1994.76 1816.46 2136.42 1123.74 1991.58 1914.6 1975.28 1927.03 1826.73 1985.8 1549.24 1741.18 1206.79 2156.15 1412.81 1978.37 1130.41 2763.31 1213.6 
2104.22 2408.25 1789.91 1779.65 2027.66 1686.95 2565.08 2243.4 1193.81 0 1803.46 2630.72 2088.45 2594.06 1464.77 2492.94 2223.49 2336.45 2384.09 2107.29 2310.06 2032.33 1945.17 1364.58 2570.22 1808.16 2381.63 1642.02 2982.5 1415.49 
2230.35 2553.1 1973.37 1574.51 1863.31 1414.05 1899.57 1566.09 1284.47 1803.46 0 1258.95 1915.94 1427.55 1510.29 2165.18 2191.47 2192.66 1961.49 2145.16 2049.83 1805.73 2155.79 1652.29 2308.49 1803.91 2369.6 1575.75 2920.24 1556.75 
2945.59 2902.31 2414.02 1795.71 2513.21 2389.86 1801.77 1520.86 1994.76 2630.72 1258.95 0 2154.62 1260.96 2085.13 2082.86 2275.61 2467.51 2015.87 2416.11 1735.98 1880.83 2635.37 2201.08 2412.7 2119.25 3008.44 2316.12 3217.94 2305.02 
1829.45 2347.05 1925.44 1496.91 2102.27 1940.61 2303.62 2109.76 1816.46 2088.45 1915.94 2154.62 0 1973.79 1511.36 1583.65 1843.18 1934.34 1619.91 1703.07 1438.5 1041.34 1849.26 1707.7 1546.52 1650.81 2016.28 1674.35 1721.84 1507 
2838.62 2984.83 2472.91 2012.05 2730.13 2473.57 1887.88 2004.32 2136.42 2594.06 1427.55 1260.96 1973.79 0 2148.82 1917.76 1894.41 2056.44 1955.11 1885.41 2181.41 2059.67 2650.13 2233.79 2383.06 2279.8 2791.79 2346.69 3076.31 2197.4 
1693.6 2213.83 1415.86 839.832 1153.53 1436.32 2241.18 1653.74 1123.74 1464.77 1510.29 2085.13 1511.36 2148.82 0 1682.24 1675.32 1760.31 1614.24 1890.46 1558.47 1171.17 1542.91 999.063 2017.85 1591.75 2123.6 1054.41 2726.43 1235.2 
2439.31 2672.53 2213.15 1687.46 2107.42 2437.12 2619.84 2324.69 1991.58 2492.94 2165.18 2082.86 1583.65 1917.76 1682.24 0 743.186 790.205 920.74 1058.66 1686.48 1340.74 2212.05 1765.72 2019.39 1969.12 2377.3 1731.16 2655.71 1916.35 
2325.85 2629.75 2250.56 1781.16 2095.08 2273.93 2200.17 2227.75 1914.6 2223.49 2191.47 2275.61 1843.18 1894.41 1675.32 743.186 0 294.974 1400.34 549.028 2070.35 1584.63 2282.66 1717.08 2086.97 1960.31 2196.57 1762.54 2710.47 1735.4 
2462.4 2784.44 2329.22 1867 2126.8 2319.57 2533.29 2344.14 1975.28 2336.45 2192.66 2467.51 1934.34 2056.44 1760.31 790.205 294.974 0 1455.31 820.628 2251.44 1760.32 2379.81 1822.55 2129.67 2003.86 2191.72 1797.2 2781.12 1816.42 
2641.25 2998.39 2251.9 1722.83 2208.82 2369.92 2571.24 2509.88 1927.03 2384.09 1961.49 2015.87 1619.91 1955.11 1614.24 920.74 1400.34 1455.31 0 1762.5 1516.51 1275.48 1887.69 1645.23 1953.57 2052.98 2493.69 1690.28 2561.61 1918.41 
2112.64 2627.8 1977.35 1867.97 2486.06 2272.49 2273.74 2269.6 1826.73 2107.29 2145.16 2416.11 1703.07 1885.41 1890.46 1058.66 549.028 820.628 1762.5 549.028 2115.05 1630.91 2303.43 1877.77 2229.81 1864.42 2012.01 1871.65 2566.98 1775.3 
2159.65 2744.28 2184.44 1550.82 2309.36 2437.31 2407.41 2333.95 1985.8 2310.06 2049.83 1735.98 1438.5 2181.41 1558.47 1686.48 2070.35 2251.44 1516.51 2115.05 2115.05 722.427 2340.47 1863.81 2028.26 1864.12 2524.2 1611.39 2580.21 1903.1 
1885.22 2430.95 1860.73 1103.92 1841.98 1891.52 2224.67 2080.86 1549.24 2032.33 1805.73 1880.83 1041.34 2059.67 1171.17 1340.74 1584.63 1760.32 1275.48 1630.91 722.427 722.427 1964.03 1304.21 1355.52 1547.62 1986.19 1200.97 1925.72 1473.69 
2302.86 2478.86 1921.28 1890.92 2004.94 2020.63 2545.7 2221.22 1741.18 1945.17 2155.79 2635.37 1849.26 2650.13 1542.91 2212.05 2282.66 2379.81 1887.69 2303.43 2340.47 1964.03 1964.03 1593.16 2675.1 2041.53 2497.37 1764.07 3147.63 1686.52 
2359.08 2456.18 1545.67 1313.7 1720.24 1624.86 2382.1 1970.54 1206.79 1364.58 1652.29 2201.08 1707.7 2233.79 999.063 1765.72 1717.08 1822.55 1645.23 1877.77 1863.81 1304.21 1593.16 1593.16 2048.41 1393.59 2139.33 1126.92 2667.76 1125.5 
2290.91 2510.17 2602.08 1952.76 2573 2325.34 2304.63 2459.05 2156.15 2570.22 2308.49 2412.7 1546.52 2383.06 2017.85 2019.39 2086.97 2129.67 1953.57 2229.81 2028.26 1355.52 2675.1 2048.41 2048.41 1655.89 1336.25 2045.98 803.587 2147.74 
1737.41 1994.07 1820.75 1685.87 2191.47 1786.12 2090.4 1795.61 1412.81 1808.16 1803.91 2119.25 1650.81 2279.8 1591.75 1969.12 1960.31 2003.86 2052.98 1864.42 1864.12 1547.62 2041.53 1393.59 1655.89 1655.89 1133.31 1482 2040.06 1647.48 
1978.03 2157.58 2510.91 2265.83 2632.22 2213.61 2376.1 2431.78 1978.37 2381.63 2369.6 3008.44 2016.28 2791.79 2123.6 2377.3 2196.57 2191.72 2493.69 2012.01 2524.2 1986.19 2497.37 2139.33 1336.25 1133.31 1133.31 2016.31 1640.1 2099.66 
1887.94 2413.18 1914.96 1291.26 1558.72 1651.18 2322.21 1942.89 1130.41 1642.02 1575.75 2316.12 1674.35 2346.69 1054.41 1731.16 1762.54 1797.2 1690.28 1871.65 1611.39 1200.97 1764.07 1126.92 2045.98 1482 2016.31 2016.31 2701.15 1354.08 
2531.3 3080.67 2896.82 2604.23 3384.57 2802.12 2788.72 3070.98 2763.31 2982.5 2920.24 3217.94 1721.84 3076.31 2726.43 2655.71 2710.47 2781.12 2561.61 2566.98 2580.21 1925.72 3147.63 2667.76 803.587 2040.06 1640.1 2701.15 2701.15 2572.39 
1772.71 2411.71 1732.78 1397.3 1469.06 1411.34 2377.45 2000.12 1213.6 1415.49 1556.75 2305.02 1507 2197.4 1235.2 1916.35 1735.4 1816.42 1918.41 1775.3 1903.1 1473.69 1686.52 1125.5 2147.74 1647.48 2099.66 1354.08 2572.39 2572.39 
XXy 790.205
combining clusters
  15 : 15
  17 : 17
Starting round 2 with 31 clusters
0 : 0
1 : 1
2 : 2
3 : 3
4 : 4
5 : 5
6 : 6
7 : 7
8 : 8
9 : 9
10 : 10
11 : 11
12 : 12
13 : 13
14 : 14
15 : 15 17
16 : 16 19
17 : 18
18 : 20
19 : 21
20 : 22
21 : 23
22 : 24
23 : 25
24 : 26
25 : 27
26 : 28
27 : 29
28 : 30
XXX:0:1:2:3:4:5:6:7:8:9:10:11:12:13:14:15:16:15:17:16:18:19:20:21:22:23:24:25:26:27:28
matrix<float> 29x29
0 2473.28 2130.62 1841.56 2194.53 2306.39 2445.63 2162.16 1835.47 2104.22 2230.35 2945.59 1829.45 2838.62 1693.6 2439.31 2325.85 2641.25 2112.64 2159.65 1885.22 2302.86 2359.08 2290.91 1737.41 1978.03 1887.94 2531.3 1772.71 
2473.28 0 2520.52 2411.16 2363.59 2410.74 3176.93 2625.8 2279.93 2408.25 2553.1 2902.31 2347.05 2984.83 2213.83 2672.53 2629.75 2998.39 2627.8 2744.28 2430.95 2478.86 2456.18 2510.17 1994.07 2157.58 2413.18 3080.67 2411.71 
2130.62 2520.52 0 1793.46 2483.43 2072.92 2491.98 2212.45 1833.91 1789.91 1973.37 2414.02 1925.44 2472.91 1415.86 2213.15 2250.56 2251.9 1977.35 2184.44 1860.73 1921.28 1545.67 2602.08 1820.75 2510.91 1914.96 2896.82 1732.78 
1841.56 2411.16 1793.46 0 1445.59 1672.88 2149.04 1500.68 1259.6 1779.65 1574.51 1795.71 1496.91 2012.05 839.832 1687.46 1781.16 1722.83 1867.97 1550.82 1103.92 1890.92 1313.7 1952.76 1685.87 2265.83 1291.26 2604.23 1397.3 
2194.53 2363.59 2483.43 1445.59 0 1523.1 2900.28 2013.99 1301.86 2027.66 1863.31 2513.21 2102.27 2730.13 1153.53 2107.42 2095.08 2208.82 2486.06 2309.36 1841.98 2004.94 1720.24 2573 2191.47 2632.22 1558.72 3384.57 1469.06 
2306.39 2410.74 2072.92 1672.88 1523.1 0 2610.77 1900.8 1205.37 1686.95 1414.05 2389.86 1940.61 2473.57 1436.32 2319.57 2273.93 2369.92 2272.49 2437.31 1891.52 2020.63 1624.86 2325.34 1786.12 2213.61 1651.18 2802.12 1411.34 
2445.63 3176.93 2491.98 2149.04 2900.28 2610.77 0 1095.3 1800.67 2565.08 1899.57 1801.77 2303.62 1887.88 2241.18 2533.29 2200.17 2571.24 2273.74 2407.41 2224.67 2545.7 2382.1 2304.63 2090.4 2376.1 2322.21 2788.72 2377.45 
