[22/Jan/2021 11:47:13.644] ::: Created directory </tmp/jormal-picsom-40274>
[22/Jan/2021 11:47:13.645] ::: Created directory </tmp/jormal-picsom-40274/tmp>
[22/Jan/2021 11:47:13.647] ::: PicSOM.C = 2.636
[22/Jan/2021 11:47:13.647] ::: PicSOM.h = 2.332
[22/Jan/2021 11:47:13.647] ::: compiler = GCC 4.8.5
[22/Jan/2021 11:47:13.647] ::: CODEFLAGS = -O3 -std=c++11 -Wno-deprecated -D PICSOM_PATH=/scratch/cs/imagedb/picsom -D PICSOM_USE_AUDIO -D PICSOM_IMAGEDATA_FAST -D PICSOM_USE_JAULA -D PICSOM_USE_VLFEAT -D PICSOM_USE_CAFFE -D CPU_ONLY -D USE_MKL -D PICSOM_USE_PYTHON3 -fPIC -D PICSOM_USE_OPENCV
[22/Jan/2021 11:47:13.647] ::: compiletime = Jan 13 2021 14:43:12
[22/Jan/2021 11:47:13.647] ::: Algorithms = textonly, randomx, picsomx, example
[22/Jan/2021 11:47:13.647] ::: Methods = precalculated, wordinverse, svm, tssom
[22/Jan/2021 11:47:13.647] ::: Features = extbatch, torchvision, i3d, torchdensecap, pyfasterrcnn, 
[22/Jan/2021 11:47:13.647] ::: 	caffe, trajectory, vlfeat, zerocrossingrate, avgaudioenergy, 
[22/Jan/2021 11:47:13.647] ::: 	audiofreq, geom, edgehistogram, dominantcolor, scalablecolor, 
[22/Jan/2021 11:47:13.647] ::: 	colorlayout, ColorSIFT, ipld, sift, externalsound, wordhist, 
[22/Jan/2021 11:47:13.647] ::: 	msgdate, ngram, cepstr, edgefourier, edgecoocc, edgehist, 
[22/Jan/2021 11:47:13.647] ::: 	zernikemom, contourfd, raw, samplecolour, colour, colm, 
[22/Jan/2021 11:47:13.647] ::: 	texture, rgb, dummy
[22/Jan/2021 11:47:13.647] ::: Segmentations = TemporalMorphology, DisplayResults, AddDescription
[22/Jan/2021 11:47:13.647] ::: CUDA = 10000 (0,0)
[22/Jan/2021 11:47:13.647] ::: Pieces = caffe_20190403,
[22/Jan/2021 11:47:13.647] ::: 	protobuf_3002000,
[22/Jan/2021 11:47:13.647] ::: 	torch,
[22/Jan/2021 11:47:13.647] ::: 	intel_mkl_110003 (),
[22/Jan/2021 11:47:13.647] ::: 	OpenBlas DYNAMIC_ARCH NO_AFFINITY Sandybridge MAX_THREADS=12, csoap,
[22/Jan/2021 11:47:13.647] ::: 	mad_0.15.1 (beta) (MPEG Audio Decoder 0.15.1 (beta)),
[22/Jan/2021 11:47:13.647] ::: 	sndfile (libsndfile-1.0.21), audiodfile_0.2.4,
[22/Jan/2021 11:47:13.647] ::: 	fftw3 (FFTW 3.3.4 wrappers to MKL), opencv_3.4.5,
[22/Jan/2021 11:47:13.647] ::: 	vlfeat_0.9.17 (0.9.17), flandmark,
[22/Jan/2021 11:47:13.647] ::: 	sqlite3_3.7.17 (3.7.17), LMDB 0.9.14: (June 20,
[22/Jan/2021 11:47:13.647] ::: 	2014) (LMDB 0.9.14: (June 20, 2014)), libmagic,
[22/Jan/2021 11:47:13.647] ::: 	OpenSSL 1.0.2k-fips  26 Jan 2017, WordNet (3.0),
[22/Jan/2021 11:47:13.647] ::: 	Aspell (), libavcodec_58.54.100 (58.54.100),
[22/Jan/2021 11:47:13.647] ::: 	libavformat_58.29.100 (58.29.100),
[22/Jan/2021 11:47:13.647] ::: 	libavutil_56.31.100 (56.31.100),
[22/Jan/2021 11:47:13.647] ::: 	libswscale_5.5.100 (5.5.100), jsoncpp_1.6.5, libzip_1.2.0,
[22/Jan/2021 11:47:13.647] ::: 	TIFF_20120922, giflib_5.1.4, hdf5_1.10.5 (1.10.5)
[22/Jan/2021 11:47:13.647] ::: Python = 3.6.3 (3.6.3 (default, Sep  7 2018, 09:35:51)  [GCC 5.5.0])
[22/Jan/2021 11:47:13.647] ::: Raptor = 2.0.15 (2.0.15)
[22/Jan/2021 11:47:13.647] ::: Rasqal = 0.9.33 (0.9.33)
[22/Jan/2021 11:47:13.647] ::: cv::cuda::CudaEnabledDeviceCount = -1 (no devices)
[22/Jan/2021 11:47:13.647] :::   compute capability built = 10 11 12 13 20 21 30 35 global_atomics shared_atomics native_double warp_shuffle_functions dynamic_parallelism
[22/Jan/2021 11:47:13.647] :::   compute capability has = 3.0 3.5 3.7 5.0 5.2 6.0 6.1 7.0 7.5
[22/Jan/2021 11:47:13.647] :::   compute capability ptx = 
[22/Jan/2021 11:47:13.647] :::   compute capability bin = 3.0 3.5 3.7 5.0 5.2 6.0 6.1 7.0 7.5
[22/Jan/2021 11:47:13.647] ::: imagedata = $Id: imagedata.h,v 1.114 2020/02/25 08:38:15 jormal Exp $
[22/Jan/2021 11:47:13.647] ::: imagefile = $Id: imagefile.h,v 1.57 2019/05/29 12:49:18 jormal Exp $
[22/Jan/2021 11:47:13.647] ::: imagefile::impl = $Id: imagefile-opencv.C,v 1.40 2019/06/18 10:09:10 jormal Exp $
[22/Jan/2021 11:47:13.647] ::: imagefile::impl_library = OpenCV 3.4.5
[22/Jan/2021 11:47:13.648] ::: xmlParserVersion = 2.9.4 / 20904
[22/Jan/2021 11:47:13.648] ::: ZLIB_VERSION = 1.2.7 / 1.2.7
[22/Jan/2021 11:47:13.648] ::: pthreads = in Classifier.C and in PicSOM.C (threads=-1, conn=0, tssom=0, analysis=0)
[22/Jan/2021 11:47:13.655] ::: user=jormal, host=login2, ip=10.10.254.21, arch=linux64, distr=CentOS Linux release 7.9.2009 (Core), pid=40274/40274, gpudevice=-1, development=1
[22/Jan/2021 11:47:13.655] ::: CUDA driver=0.0 runtime=0.0 devicecount=0
[22/Jan/2021 11:47:13.655] ::: cwd=/scratch/cs/imagedb/picsom/databases/memad-uc1/analysis/jorma/videoshotsequence
[22/Jan/2021 11:47:13.655] ::: cmdline=picsom ./videoshotsequence - 202000824170
[22/Jan/2021 11:47:13.655] ::: binary=/scratch/cs/imagedb/jormal/picsom/c++/picsom.linux64.fast
[22/Jan/2021 11:47:13.655] ::: RootDir()=/home/jormal/picsom
[22/Jan/2021 11:47:13.655] ::: Path()=/scratch/cs/imagedb/picsom
[22/Jan/2021 11:47:13.655] ::: UserHomeDir()=/home/jormal
[22/Jan/2021 11:47:13.655] ::: UserName()=jormal
[22/Jan/2021 11:47:13.655] ::: SolveArchitecture()=linux64
[22/Jan/2021 11:47:13.655] ::: ${LD_LIBRARY_PATH}=/share/apps/spack/software/cudnn/7.4.2/ytqkwf3/lib64:/share/apps/spack/software/cuda/10.0.130/sr56dkt/lib64
[22/Jan/2021 11:47:13.655] ::: ${LOADEDMODULES}=cuda/10.0.130:cudnn/7.4.2-cuda
[22/Jan/2021 11:47:13.655] ::: ${PATH}=/home/jormal/bin:/share/apps/spack/software/cuda/10.0.130/sr56dkt/bin:/usr/lib/qt-3.3/bin:/usr/lib64/ccache:/home/jormal/bin:/usr/local/bin:/usr/bin:/scratch/cs/imagedb/picsom/linux64/bin:/home/jormal/.local/bin:/usr/local/sbin:/usr/sbin:/sbin:/usr/sbin:/home/jormal/hosts
[22/Jan/2021 11:47:13.655] ::: Registered thread 0(0)/unlimited/1(0+0+0/0) "" <picsom-0> picsom 40274 0 0 : main
[22/Jan/2021 11:47:13.657]   *memad-uc1* Opening database with sql=ro fea=ro det=ro
[22/Jan/2021 11:47:13.664]   *memad-uc1* Path()=/scratch/cs/imagedb/picsom/databases/memad-uc1 filesystem=10.12.0.5@o2ib2,10.13.0.5@o2ib3:10.12.0.6@o2ib2,10.13.0.6@o2ib3:/lstr12k mountpoint=/scratch
[22/Jan/2021 11:47:13.665] ::: Created directory </tmp/jormal-picsom-40274/memad-uc1>
[22/Jan/2021 11:47:13.666]   *memad-uc1* Copied </scratch/cs/imagedb/picsom/databases/memad-uc1/sqlite3.db> to </tmp/jormal-picsom-40274/memad-uc1/sqlite3.db> 496640 bytes (485kB) in 0.00114489 s (414MB/s)
[22/Jan/2021 11:47:13.666] ::: Executing system(/bin/touch -r /scratch/cs/imagedb/picsom/databases/memad-uc1/sqlite3.db /tmp/jormal-picsom-40274/memad-uc1/sqlite3.db)
[22/Jan/2021 11:47:13.670] ::: Successfully executed system(/bin/touch -r /scratch/cs/imagedb/picsom/databases/memad-uc1/sqlite3.db /tmp/jormal-picsom-40274/memad-uc1/sqlite3.db) in 0.00433909 s
[22/Jan/2021 11:47:13.671]   *memad-uc1* Sqlite DB </tmp/jormal-picsom-40274/memad-uc1/sqlite3.db> 496640 bytes stored [22.01.2021 10:13:08] opened read-only
[22/Jan/2021 11:47:13.672]   *memad-uc1* SQL contains tables: version (1) files (1) objects (2082) aliases (0) segmentations (0) history (0) subobjects (2070)
[22/Jan/2021 11:47:13.672]   *memad-uc1* Retrieved <settings.xml> (5487 bytes, times 22.01.2021 10:10:01 and 22.01.2021 10:10:01) from SQL
[22/Jan/2021 11:47:13.673] W *memad-uc1* Settings read from </tmp/jormal-picsom-40274/memad-uc1/settings.xml>
[22/Jan/2021 11:47:13.673] W *memad-uc1* Format of labels is 12=12
[22/Jan/2021 11:47:13.673] W *memad-uc1* Using binary features read=yes write=yes
[22/Jan/2021 11:47:13.673]   *caffe* Opening database with sql=ro fea=ro det=ro
[22/Jan/2021 11:47:13.680]   *caffe* Path()=/scratch/cs/imagedb/picsom/databases/caffe filesystem=10.12.0.5@o2ib2,10.13.0.5@o2ib3:10.12.0.6@o2ib2,10.13.0.6@o2ib3:/lstr12k mountpoint=/scratch
[22/Jan/2021 11:47:13.680] ::: Created directory </tmp/jormal-picsom-40274/caffe>
[22/Jan/2021 11:47:13.682]   *caffe* Copied </scratch/cs/imagedb/picsom/databases/caffe/sqlite3.db> to </tmp/jormal-picsom-40274/caffe/sqlite3.db> 24576 bytes (24.0kB) in 0.00202754 s (11.6MB/s)
[22/Jan/2021 11:47:13.682] ::: Executing system(/bin/touch -r /scratch/cs/imagedb/picsom/databases/caffe/sqlite3.db /tmp/jormal-picsom-40274/caffe/sqlite3.db)
[22/Jan/2021 11:47:13.687] ::: Successfully executed system(/bin/touch -r /scratch/cs/imagedb/picsom/databases/caffe/sqlite3.db /tmp/jormal-picsom-40274/caffe/sqlite3.db) in 0.00428299 s
[22/Jan/2021 11:47:13.687]   *caffe* Sqlite DB </tmp/jormal-picsom-40274/caffe/sqlite3.db> 24576 bytes stored [21.06.2018 17:20:44] opened read-only
[22/Jan/2021 11:47:13.688]   *caffe* SQL contains tables: version (1) files (1) objects (0) aliases (0) segmentations (0) history (0)
[22/Jan/2021 11:47:13.688]   *caffe* Retrieved <settings.xml> (11827 bytes, times 21.06.2018 17:20:21 and 21.06.2018 17:20:44) from SQL
[22/Jan/2021 11:47:13.689] W *caffe* Settings read from </tmp/jormal-picsom-40274/caffe/settings.xml>
[22/Jan/2021 11:47:13.689] W *caffe* Format of labels is 2+2+2+2=8
[22/Jan/2021 11:47:13.689] W *caffe* Using binary features read=yes write=yes
[22/Jan/2021 11:47:14.064]   *caffe* Starting to read labels from SQL
[22/Jan/2021 11:47:14.064]   *caffe* Built subobject index in 0.000 seconds, 0 new objects have total of 0 subobjects
[22/Jan/2021 11:47:14.194]   *svmdb* Opening database with sql=ro fea=ro det=ro
[22/Jan/2021 11:47:14.201]   *svmdb* Path()=/scratch/cs/imagedb/picsom/databases/svmdb filesystem=10.12.0.5@o2ib2,10.13.0.5@o2ib3:10.12.0.6@o2ib2,10.13.0.6@o2ib3:/lstr12k mountpoint=/scratch
[22/Jan/2021 11:47:14.202] ::: Created directory </tmp/jormal-picsom-40274/svmdb>
[22/Jan/2021 11:47:14.202]   *svmdb* Copied </scratch/cs/imagedb/picsom/databases/svmdb/sqlite3.db> to </tmp/jormal-picsom-40274/svmdb/sqlite3.db> 19456 bytes (19.0kB) in 0.000414155 s (44.8MB/s)
[22/Jan/2021 11:47:14.202] ::: Executing system(/bin/touch -r /scratch/cs/imagedb/picsom/databases/svmdb/sqlite3.db /tmp/jormal-picsom-40274/svmdb/sqlite3.db)
[22/Jan/2021 11:47:14.207] ::: Successfully executed system(/bin/touch -r /scratch/cs/imagedb/picsom/databases/svmdb/sqlite3.db /tmp/jormal-picsom-40274/svmdb/sqlite3.db) in 0.00474256 s
[22/Jan/2021 11:47:14.207]   *svmdb* Sqlite DB </tmp/jormal-picsom-40274/svmdb/sqlite3.db> 19456 bytes stored [23.05.2018 17:07:47] opened read-only
[22/Jan/2021 11:47:14.208]   *svmdb* SQL contains tables: version (1) files (1) objects (0) aliases (0) segmentations (0) history (0)
[22/Jan/2021 11:47:14.208] W *svmdb* Settings read from </scratch/cs/imagedb/picsom/databases/svmdb/settings.xml>
[22/Jan/2021 11:47:14.208] W *svmdb* Format of labels is 6=6
[22/Jan/2021 11:47:14.208] W *svmdb* Using binary features read=yes write=yes
[22/Jan/2021 11:47:14.208]   *svmdb* Starting to read labels from SQL
[22/Jan/2021 11:47:14.209]   *svmdb* Built subobject index in 0.000 seconds, 0 new objects have total of 0 subobjects
[22/Jan/2021 11:47:14.210]   *svmdb* Read cat2wn data from <cat2wn.txt> where 205 categories matched 203 synsets in 205 rules
[22/Jan/2021 11:47:14.213]   *sun-397* Opening database with sql=ro fea=ro det=ro
[22/Jan/2021 11:47:14.220]   *sun-397* Path()=/scratch/cs/imagedb/picsom/databases/sun-397 filesystem=10.12.0.5@o2ib2,10.13.0.5@o2ib3:10.12.0.6@o2ib2,10.13.0.6@o2ib3:/lstr12k mountpoint=/scratch
[22/Jan/2021 11:47:14.221] ::: Created directory </tmp/jormal-picsom-40274/sun-397>
[22/Jan/2021 11:47:14.251]   *sun-397* Copied </scratch/cs/imagedb/picsom/databases/sun-397/sqlite3.db> to </tmp/jormal-picsom-40274/sun-397/sqlite3.db> 21628928 bytes (20.6MB) in 0.030613 s (674MB/s)
[22/Jan/2021 11:47:14.251] ::: Executing system(/bin/touch -r /scratch/cs/imagedb/picsom/databases/sun-397/sqlite3.db /tmp/jormal-picsom-40274/sun-397/sqlite3.db)
[22/Jan/2021 11:47:14.256] ::: Successfully executed system(/bin/touch -r /scratch/cs/imagedb/picsom/databases/sun-397/sqlite3.db /tmp/jormal-picsom-40274/sun-397/sqlite3.db) in 0.00476874 s
[22/Jan/2021 11:47:14.257]   *sun-397* Sqlite DB </tmp/jormal-picsom-40274/sun-397/sqlite3.db> 21628928 bytes stored [23.05.2018 17:07:47] opened read-only
[22/Jan/2021 11:47:14.263]   *sun-397* SQL contains tables: version (1) files (1) objects (108756) aliases (0) segmentations (0) history (0)
[22/Jan/2021 11:47:14.264]   *sun-397* Retrieved <settings.xml> (9192 bytes, times 19.02.2016 17:38:01 and 19.02.2016 17:38:30) from SQL
[22/Jan/2021 11:47:14.264] W *sun-397* Settings read from </tmp/jormal-picsom-40274/sun-397/settings.xml>
[22/Jan/2021 11:47:14.264] W *sun-397* Format of labels is 3+2+2=7
[22/Jan/2021 11:47:14.264] W *sun-397* Using binary features read=yes write=yes
[22/Jan/2021 11:47:14.393]   *sun-397* Starting to read labels from SQL
[22/Jan/2021 11:47:14.580]   *sun-397* Read 108756 object labels from SQL in 0.187 seconds (582358/s), total size now 108756
[22/Jan/2021 11:47:14.580]   *sun-397* ( 0.186751 = 0.000113116 + 0.186638 )
[22/Jan/2021 11:47:14.580]   *sun-397* TargetType statistics of sun-397 :
[22/Jan/2021 11:47:14.580]   *sun-397*   = total =        108756
[22/Jan/2021 11:47:14.580]   *sun-397*   image            108756
[22/Jan/2021 11:47:14.583]   *sun-397* Built subobject index in 0.003 seconds, 0 new objects have total of 0 subobjects
[22/Jan/2021 11:47:14.586]   *sun-397* Read cat2wn data from <cat2wn.txt> where 309 categories matched 288 synsets in 310 rules
[22/Jan/2021 11:47:14.587]   *memad-uc1* Starting to read labels from SQL
[22/Jan/2021 11:47:14.592]   *memad-uc1* Read 2082 object labels from SQL in 0.005 seconds (441416/s), total size now 2082
[22/Jan/2021 11:47:14.592]   *memad-uc1* ( 0.00471664 = 0.00015393 + 0.00456271 )
[22/Jan/2021 11:47:14.592]   *memad-uc1* TargetType statistics of memad-uc1 :
[22/Jan/2021 11:47:14.592]   *memad-uc1*   = total =          2082
[22/Jan/2021 11:47:14.592]   *memad-uc1*   file                 12
[22/Jan/2021 11:47:14.592]   *memad-uc1*   segment            1035
[22/Jan/2021 11:47:14.592]   *memad-uc1*   image              1035
[22/Jan/2021 11:47:14.592]   *memad-uc1*   video              1047
[22/Jan/2021 11:47:14.592]   *memad-uc1*   file+video           12
[22/Jan/2021 11:47:14.592]   *memad-uc1*   segment+video      1035
[22/Jan/2021 11:47:14.593]   *memad-uc1* Built subobject index in 0.001 seconds, 12 new objects have total of 2070 subobjects
[22/Jan/2021 11:47:14.596] == Script: analyse=videoshotsequence database=memad-uc1 features=c_in12_rn152_pool5o_d_a segmentspec=:t
[22/Jan/2021 11:47:14.596] == Args:   202000824170
[22/Jan/2021 11:47:14.596] == AnalyseVideoShotsequence
collected: 202000824170:t0 2.64
collected: 202000824170:t1 12.08
collected: 202000824170:t2 27.88
collected: 202000824170:t3 29.44
collected: 202000824170:t4 33.88
collected: 202000824170:t5 37.28
collected: 202000824170:t6 39.92
collected: 202000824170:t7 45.16
collected: 202000824170:t8 52.52
collected: 202000824170:t9 61.28
collected: 202000824170:t10 80.68
collected: 202000824170:t11 84.68
collected: 202000824170:t12 93.16
collected: 202000824170:t13 126.12
collected: 202000824170:t14 129.6
collected: 202000824170:t15 131.52
collected: 202000824170:t16 134.36
collected: 202000824170:t17 147.24
collected: 202000824170:t18 151.32
collected: 202000824170:t19 154.24
collected: 202000824170:t20 172.16
collected: 202000824170:t21 180.2
collected: 202000824170:t22 187.76
collected: 202000824170:t23 195.76
collected: 202000824170:t24 201.48
collected: 202000824170:t25 208.52
collected: 202000824170:t26 216.32
collected: 202000824170:t27 222.2
collected: 202000824170:t28 232.96
collected: 202000824170:t29 247.6
[22/Jan/2021 11:47:14.607]   tssom{memad-uc1/c_in12_rn152_pool5o_d_a [image]} Opened existing 17055808 bytes (16.3MB) bin data file <features/c_in12_rn152_pool5o_d_a.bin> for reading
[22/Jan/2021 11:47:14.607]   tssom{memad-uc1/c_in12_rn152_pool5o_d_a [image]}   PSBD v1 [64] len=8192 dim=2048 format=0x1 size=17055808 (16.3MB) [float, 32 bits/comp, 2082 objects] ro
distances: 202000824170:t0[22/Jan/2021 11:47:14.608]   *memad-uc1* DataBase::FeatureDataCombinedPrepare(c_in12_rn152_pool5o_d_a) : file </scratch/cs/imagedb/picsom/databases/memad-uc1/features/c_in12_rn152_pool5o_d_a.txt> doesn't exist
 middleframe 202000824170:32
distances: 202000824170:t1 middleframe 202000824170:183
distances: 202000824170:t2 middleframe 202000824170:499
distances: 202000824170:t3 middleframe 202000824170:716
distances: 202000824170:t4 middleframe 202000824170:791
distances: 202000824170:t5 middleframe 202000824170:889
distances: 202000824170:t6 middleframe 202000824170:964
distances: 202000824170:t7 middleframe 202000824170:1063
distances: 202000824170:t8 middleframe 202000824170:1220
distances: 202000824170:t9 middleframe 202000824170:1422
distances: 202000824170:t10 middleframe 202000824170:1774
distances: 202000824170:t11 middleframe 202000824170:2066
distances: 202000824170:t12 middleframe 202000824170:2223
distances: 202000824170:t13 middleframe 202000824170:2740
distances: 202000824170:t14 middleframe 202000824170:3196
distances: 202000824170:t15 middleframe 202000824170:3263
distances: 202000824170:t16 middleframe 202000824170:3323
distances: 202000824170:t17 middleframe 202000824170:3519
distances: 202000824170:t18 middleframe 202000824170:3732
distances: 202000824170:t19 middleframe 202000824170:3819
distances: 202000824170:t20 middleframe 202000824170:4080
distances: 202000824170:t21 middleframe 202000824170:4404
distances: 202000824170:t22 middleframe 202000824170:4599
distances: 202000824170:t23 middleframe 202000824170:4793
distances: 202000824170:t24 middleframe 202000824170:4965
distances: 202000824170:t25 middleframe 202000824170:5124
distances: 202000824170:t26 middleframe 202000824170:5310
distances: 202000824170:t27 middleframe 202000824170:5481
distances: 202000824170:t28 middleframe 202000824170:5689
distances: 202000824170:t29 middleframe 202000824170:6007
[22/Jan/2021 11:47:15.123] == Stored raw distance matrix in <202000824170-raw.npy>
[22/Jan/2021 11:47:15.123] == Stored equalized distance matrix in <202000824170-eq.npy>
[22/Jan/2021 11:47:15.123] == Stored time points in <202000824170-time.npy>
QQQ 0427 202000824170:t0 00:00:00.000 00:00:02.640                                           0  81  88  76  81  78  90  83  68  75  93   100  68  32  32
QQQ 1428 202000824170:t1 00:00:02.640 00:00:12.080                                      81   0  83  81  71  71  83  83  67  80  83  72    81  67  14 -18
QQQ 2429 202000824170:t2 00:00:12.080 00:00:27.880                                  88  83   0  79  64  67  72  77  70  64  69  62  51    83  51  32  18
QQQ 3430 202000824170:t3 00:00:27.880 00:00:29.440                              76  81  79   0  45  57  68  56  52  70  62  41  69  61    76  41  35   3
QQQ 4431 202000824170:t4 00:00:29.440 00:00:33.880                          81  71  64  45   0  46  76  63  49  69  66  46  68  60  77    45  46  -1 -36
QQQ 5432 202000824170:t5 00:00:33.880 00:00:37.280                      78  71  67  57  46   0  65  77  43  48  75  48  52  39  80  78    46  39   7   8
QQQ 6433 202000824170:t6 00:00:37.280 00:00:39.920                  90  83  72  68  76  65   0  74  59  58  75  55  43  44  69  76  43    65  43  22  15
QQQ 7434 202000824170:t7 00:00:39.920 00:00:45.160              83  83  77  56  63  77  74   0  56  61  40  50  70  60  75  71  57  87    56  40  16  -6
QQQ 8435 202000824170:t8 00:00:45.160 00:00:52.520          68  67  70  52  49  43  59  56   0  41  53  38  54  36  74  66  50  69  43    43  36   7  -9
QQQ 9436 202000824170:t9 00:00:52.520 00:01:01.280      75  80  64  70  69  48  58  61  41   0  46  57  43  22  70  74  39  76  52  67    41  22  19  12
QQQ 10437 202000824170:t10 00:01:01.280 00:01:20.680  93  83  69  62  66  75  75  40  53  46   0  68  67  39  69  77  53  92  71  77  59    40  39   1 -18
QQQ 11438 202000824170:t11 00:01:20.680 00:01:24.680  72  62  41  46  48  55  50  38  57  68   0  51  46  62  47  47  68  63  45  43  44    38  43  -5  -6
QQQ 12439 202000824170:t12 00:01:24.680 00:01:33.160  51  69  68  52  43  70  54  43  67  51   0  32  40  64  36  83  53  37  45  65  49    43  32  11  16
QQQ 13440 202000824170:t13 00:01:33.160 00:02:06.120  61  60  39  44  60  36  22  39  46  32   0  52  65  34  81  43  52  27  59  35  56    22  27  -5 -16
QQQ 14441 202000824170:t14 00:02:06.120 00:02:09.600  77  80  69  75  74  70  69  62  40  52   0  57  56  94  76  44  57  58  54  45  70    40  44  -4   1
QQQ 15442 202000824170:t15 00:02:09.600 00:02:11.520  78  76  71  66  74  77  47  64  65  57   0  64  95  82  58  61  53  43  70  63  73    47  43   4   8
QQQ 16443 202000824170:t16 00:02:11.520 00:02:14.360  43  57  50  39  53  47  36  34  56  64   0  76  62  46  37  50  40  48  47  52  47    34  37  -3  -7
QQQ 17444 202000824170:t17 00:02:14.360 00:02:27.240  87  69  76  92  68  83  81  94  95  76   0  87  86  94  79  79  86  84  94  75  75    68  75  -7  -4
QQQ 18445 202000824170:t18 00:02:27.240 00:02:31.320  43  52  71  63  53  43  76  82  62  87   0  77  58  79  53  79  78  82  74  70  71    43  53 -10  -3
QQQ 19446 202000824170:t19 00:02:31.320 00:02:34.240  67  77  45  37  52  44  58  46  86  77   0  46  54  49  41  56  69  48  40  67  48    37  40  -3   7
QQQ 20447 202000824170:t20 00:02:34.240 00:02:52.160  59  43  45  27  57  61  37  94  58  46   0  57  31  57  55  61  53  55  72  62        27  31  -4  -1
QQQ 21448 202000824170:t21 00:02:52.160 00:03:00.200  44  65  59  58  53  50  79  79  54  57   0  39  54  51  57  53  51  69  50            44  39   5   9
QQQ 22449 202000824170:t22 00:03:00.200 00:03:07.760  49  35  54  43  40  79  53  49  31  39   0  56  44  49  35  47  60  53                31  35  -4  -9
QQQ 23450 202000824170:t23 00:03:07.760 00:03:15.760  56  45  70  48  86  79  41  57  54  56   0  58  68  58  34  43  31                    41  31  10  14
QQQ 24451 202000824170:t24 00:03:15.760 00:03:21.480  70  63  47  84  78  56  55  51  44  58   0  13  30  51  81  54                        44  13  31  21
QQQ 25452 202000824170:t25 00:03:21.480 00:03:28.520  73  52  94  82  69  61  57  49  68  13   0  39  62  89  67                            13  39 -26 -57
QQQ 26453 202000824170:t26 00:03:28.520 00:03:36.320  47  75  74  48  53  53  35  58  30  39   0  44  76  54                                30  44 -14  12
QQQ 27454 202000824170:t27 00:03:36.320 00:03:42.200  75  70  40  55  51  47  34  51  62  44   0  57  30                                    34  30   4  18
QQQ 28455 202000824170:t28 00:03:42.200 00:03:52.960  71  67  72  69  60  43  81  89  76  57   0  62                                        43  62 -19 -23
QQQ 29456 202000824170:t29 00:03:52.960 00:04:07.600  48  62  50  53  31  54  67  54  30  62   0                                            30 100 -70 -51
Starting round 0 with 30 clusters
0 : 0
1 : 1
2 : 2
3 : 3
4 : 4
5 : 5
6 : 6
7 : 7
8 : 8
9 : 9
10 : 10
11 : 11
12 : 12
13 : 13
14 : 14
15 : 15
16 : 16
17 : 17
18 : 18
19 : 19
20 : 20
21 : 21
22 : 22
23 : 23
24 : 24
25 : 25
26 : 26
27 : 27
28 : 28
29 : 29
XXX:0:1:2:3:4:5:6:7:8:9:10:11:12:13:14:15:16:17:18:19:20:21:22:23:24:25:26:27:28:29
matrix<float> 30x30
0 2215.09 2395.6 2085.85 2221.79 2126.09 2450.82 2279.93 1848.41 2055.95 2547.05 1637.72 1749.55 2084.05 2086.63 1944.35 2149.69 2272.91 2036.5 1992.61 2360.22 2112.35 1859.56 2231.06 2419.72 2719.26 2150.45 1718.35 1676.41 1918.13 
2215.09 0 2279.04 2217.23 1953.82 1933.93 2278.76 2269.93 1828.18 2198.93 2256.04 1980.54 2043.48 1938.17 2113.68 2272.17 2028.95 2327.22 2239.96 2179.77 2149.14 2157.08 2001.06 2251.12 2302.47 2417.25 2180.08 2121.87 2244 1980.55 
2395.6 2279.04 0 2154.18 1736.99 1820.08 1979.62 2113.27 1916.46 1754.76 1884.12 1703.33 1385.71 1315.63 1410.21 1877.24 1205.54 2334.05 2007.73 1360.8 1581.31 1852.01 1366.56 1256.89 1729.23 1995.85 1648.68 1329.27 1806.39 1315.52 
2085.85 2217.23 2154.18 0 1234.34 1549.12 1870.54 1539.01 1421.59 1909.84 1681 1130.2 1882.44 1664.4 2206.01 2107.14 1603.17 2065.54 2130.18 2036.95 1766.02 1933.35 1226.26 2139.69 1745.58 1988.95 1391.26 1921.69 2027.21 1977.18 
2221.79 1953.82 1736.99 1234.34 0 1259.84 2073.43 1710.16 1326.69 1882.38 1803.8 1254.36 1869.78 1647.19 2117.19 2158.39 1610.96 1839.05 1806.91 1918.11 1788.01 1636.5 1314.75 2034.92 1704.14 1861.02 1419.13 1700.4 2132.97 1851.13 
2126.09 1933.93 1820.08 1549.12 1259.84 0 1781.94 2093.82 1188.62 1310.19 2038.45 1299.79 1424.65 1079 2182.11 2137.63 1582.19 1841.85 1467.49 1969.2 1464.96 2203.69 1438.89 2318.1 2112.96 2217.68 1809.28 2035.96 2175.9 2270.71 
2450.82 2278.76 1979.62 1870.54 2073.43 1781.94 0 2011.93 1618.49 1578.09 2045.56 1493.44 1179.59 1211.99 1886.24 2072.38 1185.9 2733.02 1915.21 1667.38 1300.93 2256.49 1552.04 2120.16 1984.5 2223.37 1746.48 1960.66 2337.07 2216.3 
2279.93 2269.93 2113.27 1539.01 1710.16 2093.82 2011.93 0 1523.24 1673.13 1102.26 1361.99 1915.09 1645.69 2040.65 1926.78 1556.66 2386.47 2211.18 1931.56 1845.08 1321.13 1224.59 2076.8 1642.29 1639.54 1723.37 2025.15 2135.4 2102.05 
1848.41 1828.18 1916.46 1421.59 1326.69 1188.62 1618.49 1523.24 0 1133.81 1448.68 1042.32 1488.05 992.653 2013.98 1815.86 1367.46 1882.7 1175.96 1770.32 1124.05 1647.51 1030.55 1947.48 1645.07 1776.54 1633.2 1668.55 1873.68 1876.66 
2055.95 2198.93 1754.76 1909.84 1882.38 1310.19 1578.09 1673.13 1133.81 0 1257.84 1548.86 1166.68 599.115 1925.65 2010.36 1066.98 2064.43 1417.29 1838.29 1296.26 1730.8 1214.12 1883.85 1404.11 1311.12 1631.43 1587.02 1994.23 1873.52 
2547.05 2256.04 1884.12 1681 1803.8 2038.45 2045.56 1102.26 1448.68 1257.84 0 1844.83 1843.53 1065.81 1899.08 2113.46 1436.53 2516.08 1940.25 2104.33 1609.43 1661.93 1256.56 2020.68 1577.68 1505.76 1831.71 1975.6 2227.03 1954.9 
1637.72 1980.54 1703.33 1130.2 1254.36 1299.79 1493.44 1361.99 1042.32 1548.86 1844.83 0 1400.13 1259.07 1704.26 1286.68 1281.98 1862.15 1718.27 1217.88 1168.21 1211.72 734.68 1674.59 1494.19 1808.14 1018.57 1396.89 1705.76 1546.91 
1749.55 2043.48 1385.71 1882.44 1869.78 1424.65 1179.59 1915.09 1488.05 1166.68 1843.53 1400.13 0 884.046 1086.29 1751.07 988.546 2264.15 1451.54 1023.39 1232.84 1769.53 1344.51 1491.5 1656.95 1797.48 1567.84 1360.38 1801.01 1666.57 
2084.05 1938.17 1315.63 1664.4 1647.19 1079 1211.99 1645.69 992.653 599.115 1065.81 1259.07 884.046 0 1412.03 1788.98 938.574 2202.18 1170.79 1434.46 750.483 1619.48 945.381 1529.61 1373.32 1407.91 1435.52 1426.96 1838.41 1597.69 
2086.63 2113.68 1410.21 2206.01 2117.19 2182.11 1886.24 2040.65 2013.98 1925.65 1899.08 1704.26 1086.29 1412.03 0 1568.28 1517.38 2582.59 2085.3 1198.87 1556.36 1588.88 1465.65 1228.71 1914.4 2137.07 1730.02 1239.84 1785.47 1304.1 
1944.35 2272.17 1877.24 2107.14 2158.39 2137.63 2072.38 1926.78 1815.86 2010.36 2113.46 1286.68 1751.07 1788.98 1568.28 0 1746.93 2606.86 2232.57 1590.23 1660.72 1461.25 1173.86 1908.88 1718.52 2008.38 1411.21 1525.55 1943.54 1717.52 
2149.69 2028.95 1205.54 1603.17 1610.96 1582.19 1185.9 1556.66 1367.46 1066.98 1436.53 1281.98 988.546 938.574 1517.38 1746.93 0 2080.58 1693.99 1253.71 1009.94 1379.8 1080.63 1325.02 1294.72 1422.91 1291.74 1157.47 1777.62 1355.98 
2272.91 2327.22 2334.05 2065.54 1839.05 1841.85 2733.02 2386.47 1882.7 2064.43 2516.08 1862.15 2264.15 2202.18 2582.59 2606.86 2080.58 0 2389.68 2350.18 2569.35 2168.48 2155.52 2339.99 2306.14 2558.73 2050.01 2044.59 2532.17 2079.03 
2036.5 2239.96 2007.73 2130.18 1806.91 1467.49 1915.21 2211.18 1175.96 1417.29 1940.25 1718.27 1451.54 1170.79 2085.3 2232.57 1693.99 2389.68 0 2095.13 1577.65 2155.27 1453.19 2164.81 2121.24 2238.22 2030.75 1923.18 1935.83 2213.04 
1992.61 2179.77 1360.8 2036.95 1918.11 1969.2 1667.38 1931.56 1770.32 1838.29 2104.33 1217.88 1023.39 1434.46 1198.87 1590.23 1253.71 2350.18 2095.13 0 1248.77 1472.4 1344.42 1132.2 1518.59 1883.5 1312.1 1099.63 1817.87 1317.47 
2360.22 2149.14 1581.31 1766.02 1788.01 1464.96 1300.93 1845.08 1124.05 1296.26 1609.43 1168.21 1232.84 750.483 1556.36 1660.72 1009.94 2569.35 1577.65 1248.77 0 1569.53 854.421 1566.44 1511.89 1654.75 1450.7 1516.02 1980.92 1695.89 
2112.35 2157.08 1852.01 1933.35 1636.5 2203.69 2256.49 1321.13 1647.51 1730.8 1661.93 1211.72 1769.53 1619.48 1588.88 1461.25 1379.8 2168.48 2155.27 1472.4 1569.53 0 1056.9 1479.28 1381.58 1545.25 1457.02 1406.41 1897.74 1359.01 
1859.56 2001.06 1366.56 1226.26 1314.75 1438.89 1552.04 1224.59 1030.55 1214.12 1256.56 734.68 1344.51 945.381 1465.65 1173.86 1080.63 2155.52 1453.19 1344.42 854.421 1056.9 0 1538.81 1197.63 1346.58 957.294 1294.85 1641.79 1460.45 
2231.06 2251.12 1256.89 2139.69 2034.92 2318.1 2120.16 2076.8 1947.48 1883.85 2020.68 1674.59 1491.5 1529.61 1228.71 1908.88 1325.02 2339.99 2164.81 1132.2 1566.44 1479.28 1538.81 0 1579.75 1867.62 1583.7 926.055 1186.2 860.533 
2419.72 2302.47 1729.23 1745.58 1704.14 2112.96 1984.5 1642.29 1645.07 1404.11 1577.68 1494.19 1656.95 1373.32 1914.4 1718.52 1294.72 2306.14 2121.24 1518.59 1511.89 1381.58 1197.63 1579.75 0 346.55 806.243 1388.78 2201.18 1475.73 
2719.26 2417.25 1995.85 1988.95 1861.02 2217.68 2223.37 1639.54 1776.54 1311.12 1505.76 1808.14 1797.48 1407.91 2137.07 2008.38 1422.91 2558.73 2238.22 1883.5 1654.75 1545.25 1346.58 1867.62 346.55 0 1070.19 1686.29 2423.89 1820.02 
2150.45 2180.08 1648.68 1391.26 1419.13 1809.28 1746.48 1723.37 1633.2 1631.43 1831.71 1018.57 1567.84 1435.52 1730.02 1411.21 1291.74 2050.01 2030.75 1312.1 1450.7 1457.02 957.294 1583.7 806.243 1070.19 0 1200.9 2073.61 1472 
1718.35 2121.87 1329.27 1921.69 1700.4 2035.96 1960.66 2025.15 1668.55 1587.02 1975.6 1396.89 1360.38 1426.96 1239.84 1525.55 1157.47 2044.59 1923.18 1099.63 1516.02 1406.41 1294.85 926.055 1388.78 1686.29 1200.9 0 1570.38 823.196 
1676.41 2244 1806.39 2027.21 2132.97 2175.9 2337.07 2135.4 1873.68 1994.23 2227.03 1705.76 1801.01 1838.41 1785.47 1943.54 1777.62 2532.17 1935.83 1817.87 1980.92 1897.74 1641.79 1186.2 2201.18 2423.89 2073.61 1570.38 0 1700.79 
1918.13 1980.55 1315.52 1977.18 1851.13 2270.71 2216.3 2102.05 1876.66 1873.52 1954.9 1546.91 1666.57 1597.69 1304.1 1717.52 1355.98 2079.03 2213.04 1317.47 1695.89 1359.01 1460.45 860.533 1475.73 1820.02 1472 823.196 1700.79 0 
XXy 599.115
combining clusters
  9 : 9
  13 : 13
Starting round 1 with 30 clusters
0 : 0
1 : 1
2 : 2
3 : 3
4 : 4
5 : 5
6 : 6
7 : 7
8 : 8
9 : 9 13
10 : 10
11 : 11
12 : 12
13 : 14
14 : 15
15 : 16
16 : 17
17 : 18
18 : 19
19 : 20
20 : 21
21 : 22
22 : 23
23 : 24
24 : 25
25 : 26
26 : 27
27 : 28
28 : 29
XXX:0:1:2:3:4:5:6:7:8:9:10:11:12:9:13:14:15:16:17:18:19:20:21:22:23:24:25:26:27:28
matrix<float> 29x29
0 2215.09 2395.6 2085.85 2221.79 2126.09 2450.82 2279.93 1848.41 2055.95 2547.05 1637.72 1749.55 2086.63 1944.35 2149.69 2272.91 2036.5 1992.61 2360.22 2112.35 1859.56 2231.06 2419.72 2719.26 2150.45 1718.35 1676.41 1918.13 
2215.09 0 2279.04 2217.23 1953.82 1933.93 2278.76 2269.93 1828.18 1938.17 2256.04 1980.54 2043.48 2113.68 2272.17 2028.95 2327.22 2239.96 2179.77 2149.14 2157.08 2001.06 2251.12 2302.47 2417.25 2180.08 2121.87 2244 1980.55 
2395.6 2279.04 0 2154.18 1736.99 1820.08 1979.62 2113.27 1916.46 1315.63 1884.12 1703.33 1385.71 1410.21 1877.24 1205.54 2334.05 2007.73 1360.8 1581.31 1852.01 1366.56 1256.89 1729.23 1995.85 1648.68 1329.27 1806.39 1315.52 
2085.85 2217.23 2154.18 0 1234.34 1549.12 1870.54 1539.01 1421.59 1664.4 1681 1130.2 1882.44 2206.01 2107.14 1603.17 2065.54 2130.18 2036.95 1766.02 1933.35 1226.26 2139.69 1745.58 1988.95 1391.26 1921.69 2027.21 1977.18 
2221.79 1953.82 1736.99 1234.34 0 1259.84 2073.43 1710.16 1326.69 1647.19 1803.8 1254.36 1869.78 2117.19 2158.39 1610.96 1839.05 1806.91 1918.11 1788.01 1636.5 1314.75 2034.92 1704.14 1861.02 1419.13 1700.4 2132.97 1851.13 
2126.09 1933.93 1820.08 1549.12 1259.84 0 1781.94 2093.82 1188.62 1079 2038.45 1299.79 1424.65 2182.11 2137.63 1582.19 1841.85 1467.49 1969.2 1464.96 2203.69 1438.89 2318.1 2112.96 2217.68 1809.28 2035.96 2175.9 2270.71 
2450.82 2278.76 1979.62 1870.54 2073.43 1781.94 0 2011.93 1618.49 1211.99 2045.56 1493.44 1179.59 1886.24 2072.38 1185.9 2733.02 1915.21 1667.38 1300.93 2256.49 1552.04 2120.16 1984.5 2223.37 1746.48 1960.66 2337.07 2216.3 
2279.93 2269.93 2113.27 1539.01 1710.16 2093.82 2011.93 0 1523.24 1645.69 1102.26 1361.99 1915.09 2040.65 1926.78 1556.66 2386.47 2211.18 1931.56 1845.08 1321.13 1224.59 2076.8 1642.29 1639.54 1723.37 2025.15 2135.4 2102.05 
1848.41 1828.18 1916.46 1421.59 1326.69 1188.62 1618.49 1523.24 0 992.653 1448.68 1042.32 1488.05 2013.98 1815.86 1367.46 1882.7 1175.96 1770.32 1124.05 1647.51 1030.55 1947.48 1645.07 1776.54 1633.2 1668.55 1873.68 1876.66 
2055.95 1938.17 1315.63 1664.4 1647.19 1079 1211.99 1645.69 992.653 0 1065.81 1259.07 884.046 1412.03 1788.98 938.574 2064.43 1170.79 1434.46 750.483 1619.48 945.381 1529.61 1373.32 1311.12 1435.52 1426.96 1838.41 1597.69 
2547.05 2256.04 1884.12 1681 1803.8 2038.45 2045.56 1102.26 1448.68 1065.81 0 1844.83 1843.53 1899.08 2113.46 1436.53 2516.08 1940.25 2104.33 1609.43 1661.93 1256.56 2020.68 1577.68 1505.76 1831.71 1975.6 2227.03 1954.9 
1637.72 1980.54 1703.33 1130.2 1254.36 1299.79 1493.44 1361.99 1042.32 1259.07 1844.83 0 1400.13 1704.26 1286.68 1281.98 1862.15 1718.27 1217.88 1168.21 1211.72 734.68 1674.59 1494.19 1808.14 1018.57 1396.89 1705.76 1546.91 
1749.55 2043.48 1385.71 1882.44 1869.78 1424.65 1179.59 1915.09 1488.05 884.046 1843.53 1400.13 0 1086.29 1751.07 988.546 2264.15 1451.54 1023.39 1232.84 1769.53 1344.51 1491.5 1656.95 1797.48 1567.84 1360.38 1801.01 1666.57 
2086.63 2113.68 1410.21 2206.01 2117.19 2182.11 1886.24 2040.65 2013.98 1412.03 1899.08 1704.26 1086.29 1412.03 1568.28 1517.38 2582.59 2085.3 1198.87 1556.36 1588.88 1465.65 1228.71 1914.4 2137.07 1730.02 1239.84 1785.47 1304.1 
1944.35 2272.17 1877.24 2107.14 2158.39 2137.63 2072.38 1926.78 1815.86 1788.98 2113.46 1286.68 1751.07 1568.28 1568.28 1746.93 2606.86 2232.57 1590.23 1660.72 1461.25 1173.86 1908.88 1718.52 2008.38 1411.21 1525.55 1943.54 1717.52 
2149.69 2028.95 1205.54 1603.17 1610.96 1582.19 1185.9 1556.66 1367.46 938.574 1436.53 1281.98 988.546 1517.38 1746.93 1746.93 2080.58 1693.99 1253.71 1009.94 1379.8 1080.63 1325.02 1294.72 1422.91 1291.74 1157.47 1777.62 1355.98 
2272.91 2327.22 2334.05 2065.54 1839.05 1841.85 2733.02 2386.47 1882.7 2064.43 2516.08 1862.15 2264.15 2582.59 2606.86 2080.58 2080.58 2389.68 2350.18 2569.35 2168.48 2155.52 2339.99 2306.14 2558.73 2050.01 2044.59 2532.17 2079.03 
2036.5 2239.96 2007.73 2130.18 1806.91 1467.49 1915.21 2211.18 1175.96 1170.79 1940.25 1718.27 1451.54 2085.3 2232.57 1693.99 2389.68 2389.68 2095.13 1577.65 2155.27 1453.19 2164.81 2121.24 2238.22 2030.75 1923.18 1935.83 2213.04 
1992.61 2179.77 1360.8 2036.95 1918.11 1969.2 1667.38 1931.56 1770.32 1434.46 2104.33 1217.88 1023.39 1198.87 1590.23 1253.71 2350.18 2095.13 2095.13 1248.77 1472.4 1344.42 1132.2 1518.59 1883.5 1312.1 1099.63 1817.87 1317.47 
2360.22 2149.14 1581.31 1766.02 1788.01 1464.96 1300.93 1845.08 1124.05 750.483 1609.43 1168.21 1232.84 1556.36 1660.72 1009.94 2569.35 1577.65 1248.77 1248.77 1569.53 854.421 1566.44 1511.89 1654.75 1450.7 1516.02 1980.92 1695.89 
2112.35 2157.08 1852.01 1933.35 1636.5 2203.69 2256.49 1321.13 1647.51 1619.48 1661.93 1211.72 1769.53 1588.88 1461.25 1379.8 2168.48 2155.27 1472.4 1569.53 1569.53 1056.9 1479.28 1381.58 1545.25 1457.02 1406.41 1897.74 1359.01 
1859.56 2001.06 1366.56 1226.26 1314.75 1438.89 1552.04 1224.59 1030.55 945.381 1256.56 734.68 1344.51 1465.65 1173.86 1080.63 2155.52 1453.19 1344.42 854.421 1056.9 1056.9 1538.81 1197.63 1346.58 957.294 1294.85 1641.79 1460.45 
2231.06 2251.12 1256.89 2139.69 2034.92 2318.1 2120.16 2076.8 1947.48 1529.61 2020.68 1674.59 1491.5 1228.71 1908.88 1325.02 2339.99 2164.81 1132.2 1566.44 1479.28 1538.81 1538.81 1579.75 1867.62 1583.7 926.055 1186.2 860.533 
2419.72 2302.47 1729.23 1745.58 1704.14 2112.96 1984.5 1642.29 1645.07 1373.32 1577.68 1494.19 1656.95 1914.4 1718.52 1294.72 2306.14 2121.24 1518.59 1511.89 1381.58 1197.63 1579.75 1579.75 346.55 806.243 1388.78 2201.18 1475.73 
2719.26 2417.25 1995.85 1988.95 1861.02 2217.68 2223.37 1639.54 1776.54 1311.12 1505.76 1808.14 1797.48 2137.07 2008.38 1422.91 2558.73 2238.22 1883.5 1654.75 1545.25 1346.58 1867.62 346.55 346.55 1070.19 1686.29 2423.89 1820.02 
2150.45 2180.08 1648.68 1391.26 1419.13 1809.28 1746.48 1723.37 1633.2 1435.52 1831.71 1018.57 1567.84 1730.02 1411.21 1291.74 2050.01 2030.75 1312.1 1450.7 1457.02 957.294 1583.7 806.243 1070.19 1070.19 1200.9 2073.61 1472 
1718.35 2121.87 1329.27 1921.69 1700.4 2035.96 1960.66 2025.15 1668.55 1426.96 1975.6 1396.89 1360.38 1239.84 1525.55 1157.47 2044.59 1923.18 1099.63 1516.02 1406.41 1294.85 926.055 1388.78 1686.29 1200.9 1200.9 1570.38 823.196 
1676.41 2244 1806.39 2027.21 2132.97 2175.9 2337.07 2135.4 1873.68 1838.41 2227.03 1705.76 1801.01 1785.47 1943.54 1777.62 2532.17 1935.83 1817.87 1980.92 1897.74 1641.79 1186.2 2201.18 2423.89 2073.61 1570.38 1570.38 1700.79 
1918.13 1980.55 1315.52 1977.18 1851.13 2270.71 2216.3 2102.05 1876.66 1597.69 1954.9 1546.91 1666.57 1304.1 1717.52 1355.98 2079.03 2213.04 1317.47 1695.89 1359.01 1460.45 860.533 1475.73 1820.02 1472 823.196 1700.79 1700.79 
XXy 734.68
combining clusters
  11 : 11
  21 : 22
Starting round 2 with 30 clusters
0 : 0
1 : 1
2 : 2
3 : 3
4 : 4
5 : 5
6 : 6
7 : 7
8 : 8
9 : 9 13
10 : 10
11 : 11 22
12 : 12
13 : 14
14 : 15
15 : 16
16 : 17
17 : 18
18 : 19
19 : 20
20 : 21
21 : 23
22 : 24
23 : 25
24 : 26
25 : 27
26 : 28
27 : 29
XXX:0:1:2:3:4:5:6:7:8:9:10:11:12:9:13:14:15:16:17:18:19:20:11:21:22:23:24:25:26:27
matrix<float> 28x28
0 2215.09 2395.6 2085.85 2221.79 2126.09 2450.82 2279.93 1848.41 2055.95 2547.05 1637.72 1749.55 2086.63 1944.35 2149.69 2272.91 2036.5 1992.61 2360.22 2112.35 2231.06 2419.72 2719.26 2150.45 1718.35 1676.41 1918.13 
2215.09 0 2279.04 2217.23 1953.82 1933.93 2278.76 2269.93 1828.18 1938.17 2256.04 1980.54 2043.48 2113.68 2272.17 2028.95 2327.22 2239.96 2179.77 2149.14 2157.08 2251.12 2302.47 2417.25 2180.08 2121.87 2244 1980.55 
2395.6 2279.04 0 2154.18 1736.99 1820.08 1979.62 2113.27 1916.46 1315.63 1884.12 1366.56 1385.71 1410.21 1877.24 1205.54 2334.05 2007.73 1360.8 1581.31 1852.01 1256.89 1729.23 1995.85 1648.68 1329.27 1806.39 1315.52 
2085.85 2217.23 2154.18 0 1234.34 1549.12 1870.54 1539.01 1421.59 1664.4 1681 1130.2 1882.44 2206.01 2107.14 1603.17 2065.54 2130.18 2036.95 1766.02 1933.35 2139.69 1745.58 1988.95 1391.26 1921.69 2027.21 1977.18 
2221.79 1953.82 1736.99 1234.34 0 1259.84 2073.43 1710.16 1326.69 1647.19 1803.8 1254.36 1869.78 2117.19 2158.39 1610.96 1839.05 1806.91 1918.11 1788.01 1636.5 2034.92 1704.14 1861.02 1419.13 1700.4 2132.97 1851.13 
2126.09 1933.93 1820.08 1549.12 1259.84 0 1781.94 2093.82 1188.62 1079 2038.45 1299.79 1424.65 2182.11 2137.63 1582.19 1841.85 1467.49 1969.2 1464.96 2203.69 2318.1 2112.96 2217.68 1809.28 2035.96 2175.9 2270.71 
2450.82 2278.76 1979.62 1870.54 2073.43 1781.94 0 2011.93 1618.49 1211.99 2045.56 1493.44 1179.59 1886.24 2072.38 1185.9 2733.02 1915.21 1667.38 1300.93 2256.49 2120.16 1984.5 2223.37 1746.48 1960.66 2337.07 2216.3 
2279.93 2269.93 2113.27 1539.01 1710.16 2093.82 2011.93 0 1523.24 1645.69 1102.26 1224.59 1915.09 2040.65 1926.78 1556.66 2386.47 2211.18 1931.56 1845.08 1321.13 2076.8 1642.29 1639.54 1723.37 2025.15 2135.4 2102.05 
1848.41 1828.18 1916.46 1421.59 1326.69 1188.62 1618.49 1523.24 0 992.653 1448.68 1030.55 1488.05 2013.98 1815.86 1367.46 1882.7 1175.96 1770.32 1124.05 1647.51 1947.48 1645.07 1776.54 1633.2 1668.55 1873.68 1876.66 
2055.95 1938.17 1315.63 1664.4 1647.19 1079 1211.99 1645.69 992.653 0 1065.81 945.381 884.046 1412.03 1788.98 938.574 2064.43 1170.79 1434.46 750.483 1619.48 1529.61 1373.32 1311.12 1435.52 1426.96 1838.41 1597.69 
2547.05 2256.04 1884.12 1681 1803.8 2038.45 2045.56 1102.26 1448.68 1065.81 0 1256.56 1843.53 1899.08 2113.46 1436.53 2516.08 1940.25 2104.33 1609.43 1661.93 2020.68 1577.68 1505.76 1831.71 1975.6 2227.03 1954.9 
1637.72 1980.54 1366.56 1130.2 1254.36 1299.79 1493.44 1224.59 1030.55 945.381 1256.56 0 1344.51 1465.65 1173.86 1080.63 1862.15 1453.19 1217.88 854.421 1056.9 1538.81 1197.63 1346.58 957.294 1294.85 1641.79 1460.45 
