[22/Jan/2021 11:46:51.970] ::: Created directory </tmp/jormal-picsom-37813>
[22/Jan/2021 11:46:51.971] ::: Created directory </tmp/jormal-picsom-37813/tmp>
[22/Jan/2021 11:46:51.974] ::: PicSOM.C = 2.636
[22/Jan/2021 11:46:51.974] ::: PicSOM.h = 2.332
[22/Jan/2021 11:46:51.974] ::: compiler = GCC 4.8.5
[22/Jan/2021 11:46:51.974] ::: CODEFLAGS = -O3 -std=c++11 -Wno-deprecated -D PICSOM_PATH=/scratch/cs/imagedb/picsom -D PICSOM_USE_AUDIO -D PICSOM_IMAGEDATA_FAST -D PICSOM_USE_JAULA -D PICSOM_USE_VLFEAT -D PICSOM_USE_CAFFE -D CPU_ONLY -D USE_MKL -D PICSOM_USE_PYTHON3 -fPIC -D PICSOM_USE_OPENCV
[22/Jan/2021 11:46:51.974] ::: compiletime = Jan 13 2021 14:43:12
[22/Jan/2021 11:46:51.974] ::: Algorithms = textonly, randomx, picsomx, example
[22/Jan/2021 11:46:51.974] ::: Methods = precalculated, wordinverse, svm, tssom
[22/Jan/2021 11:46:51.974] ::: Features = extbatch, torchvision, i3d, torchdensecap, pyfasterrcnn, 
[22/Jan/2021 11:46:51.974] ::: 	caffe, trajectory, vlfeat, zerocrossingrate, avgaudioenergy, 
[22/Jan/2021 11:46:51.974] ::: 	audiofreq, geom, edgehistogram, dominantcolor, scalablecolor, 
[22/Jan/2021 11:46:51.974] ::: 	colorlayout, ColorSIFT, ipld, sift, externalsound, wordhist, 
[22/Jan/2021 11:46:51.974] ::: 	msgdate, ngram, cepstr, edgefourier, edgecoocc, edgehist, 
[22/Jan/2021 11:46:51.974] ::: 	zernikemom, contourfd, raw, samplecolour, colour, colm, 
[22/Jan/2021 11:46:51.974] ::: 	texture, rgb, dummy
[22/Jan/2021 11:46:51.974] ::: Segmentations = TemporalMorphology, DisplayResults, AddDescription
[22/Jan/2021 11:46:51.974] ::: CUDA = 10000 (0,0)
[22/Jan/2021 11:46:51.974] ::: Pieces = caffe_20190403,
[22/Jan/2021 11:46:51.974] ::: 	protobuf_3002000,
[22/Jan/2021 11:46:51.974] ::: 	torch,
[22/Jan/2021 11:46:51.974] ::: 	intel_mkl_110003 (),
[22/Jan/2021 11:46:51.974] ::: 	OpenBlas DYNAMIC_ARCH NO_AFFINITY Sandybridge MAX_THREADS=12, csoap,
[22/Jan/2021 11:46:51.974] ::: 	mad_0.15.1 (beta) (MPEG Audio Decoder 0.15.1 (beta)),
[22/Jan/2021 11:46:51.974] ::: 	sndfile (libsndfile-1.0.21), audiodfile_0.2.4,
[22/Jan/2021 11:46:51.974] ::: 	fftw3 (FFTW 3.3.4 wrappers to MKL), opencv_3.4.5,
[22/Jan/2021 11:46:51.974] ::: 	vlfeat_0.9.17 (0.9.17), flandmark,
[22/Jan/2021 11:46:51.974] ::: 	sqlite3_3.7.17 (3.7.17), LMDB 0.9.14: (June 20,
[22/Jan/2021 11:46:51.974] ::: 	2014) (LMDB 0.9.14: (June 20, 2014)), libmagic,
[22/Jan/2021 11:46:51.974] ::: 	OpenSSL 1.0.2k-fips  26 Jan 2017, WordNet (3.0),
[22/Jan/2021 11:46:51.974] ::: 	Aspell (), libavcodec_58.54.100 (58.54.100),
[22/Jan/2021 11:46:51.974] ::: 	libavformat_58.29.100 (58.29.100),
[22/Jan/2021 11:46:51.974] ::: 	libavutil_56.31.100 (56.31.100),
[22/Jan/2021 11:46:51.974] ::: 	libswscale_5.5.100 (5.5.100), jsoncpp_1.6.5, libzip_1.2.0,
[22/Jan/2021 11:46:51.974] ::: 	TIFF_20120922, giflib_5.1.4, hdf5_1.10.5 (1.10.5)
[22/Jan/2021 11:46:51.974] ::: Python = 3.6.3 (3.6.3 (default, Sep  7 2018, 09:35:51)  [GCC 5.5.0])
[22/Jan/2021 11:46:51.974] ::: Raptor = 2.0.15 (2.0.15)
[22/Jan/2021 11:46:51.974] ::: Rasqal = 0.9.33 (0.9.33)
[22/Jan/2021 11:46:51.974] ::: cv::cuda::CudaEnabledDeviceCount = -1 (no devices)
[22/Jan/2021 11:46:51.974] :::   compute capability built = 10 11 12 13 20 21 30 35 global_atomics shared_atomics native_double warp_shuffle_functions dynamic_parallelism
[22/Jan/2021 11:46:51.974] :::   compute capability has = 3.0 3.5 3.7 5.0 5.2 6.0 6.1 7.0 7.5
[22/Jan/2021 11:46:51.974] :::   compute capability ptx = 
[22/Jan/2021 11:46:51.974] :::   compute capability bin = 3.0 3.5 3.7 5.0 5.2 6.0 6.1 7.0 7.5
[22/Jan/2021 11:46:51.974] ::: imagedata = $Id: imagedata.h,v 1.114 2020/02/25 08:38:15 jormal Exp $
[22/Jan/2021 11:46:51.974] ::: imagefile = $Id: imagefile.h,v 1.57 2019/05/29 12:49:18 jormal Exp $
[22/Jan/2021 11:46:51.974] ::: imagefile::impl = $Id: imagefile-opencv.C,v 1.40 2019/06/18 10:09:10 jormal Exp $
[22/Jan/2021 11:46:51.974] ::: imagefile::impl_library = OpenCV 3.4.5
[22/Jan/2021 11:46:51.974] ::: xmlParserVersion = 2.9.4 / 20904
[22/Jan/2021 11:46:51.974] ::: ZLIB_VERSION = 1.2.7 / 1.2.7
[22/Jan/2021 11:46:51.974] ::: pthreads = in Classifier.C and in PicSOM.C (threads=-1, conn=0, tssom=0, analysis=0)
[22/Jan/2021 11:46:51.982] ::: user=jormal, host=login2, ip=10.10.254.21, arch=linux64, distr=CentOS Linux release 7.9.2009 (Core), pid=37813/37813, gpudevice=-1, development=1
[22/Jan/2021 11:46:51.982] ::: CUDA driver=0.0 runtime=0.0 devicecount=0
[22/Jan/2021 11:46:51.982] ::: cwd=/scratch/cs/imagedb/picsom/databases/memad-uc1/analysis/jorma/videoshotsequence
[22/Jan/2021 11:46:51.982] ::: cmdline=picsom ./videoshotsequence - 202000823804
[22/Jan/2021 11:46:51.982] ::: binary=/scratch/cs/imagedb/jormal/picsom/c++/picsom.linux64.fast
[22/Jan/2021 11:46:51.982] ::: RootDir()=/home/jormal/picsom
[22/Jan/2021 11:46:51.982] ::: Path()=/scratch/cs/imagedb/picsom
[22/Jan/2021 11:46:51.982] ::: UserHomeDir()=/home/jormal
[22/Jan/2021 11:46:51.982] ::: UserName()=jormal
[22/Jan/2021 11:46:51.982] ::: SolveArchitecture()=linux64
[22/Jan/2021 11:46:51.982] ::: ${LD_LIBRARY_PATH}=/share/apps/spack/software/cudnn/7.4.2/ytqkwf3/lib64:/share/apps/spack/software/cuda/10.0.130/sr56dkt/lib64
[22/Jan/2021 11:46:51.982] ::: ${LOADEDMODULES}=cuda/10.0.130:cudnn/7.4.2-cuda
[22/Jan/2021 11:46:51.982] ::: ${PATH}=/home/jormal/bin:/share/apps/spack/software/cuda/10.0.130/sr56dkt/bin:/usr/lib/qt-3.3/bin:/usr/lib64/ccache:/home/jormal/bin:/usr/local/bin:/usr/bin:/scratch/cs/imagedb/picsom/linux64/bin:/home/jormal/.local/bin:/usr/local/sbin:/usr/sbin:/sbin:/usr/sbin:/home/jormal/hosts
[22/Jan/2021 11:46:51.982] ::: Registered thread 0(0)/unlimited/1(0+0+0/0) "" <picsom-0> picsom 37813 0 0 : main
[22/Jan/2021 11:46:51.984]   *memad-uc1* Opening database with sql=ro fea=ro det=ro
[22/Jan/2021 11:46:51.992]   *memad-uc1* Path()=/scratch/cs/imagedb/picsom/databases/memad-uc1 filesystem=10.12.0.5@o2ib2,10.13.0.5@o2ib3:10.12.0.6@o2ib2,10.13.0.6@o2ib3:/lstr12k mountpoint=/scratch
[22/Jan/2021 11:46:51.992] ::: Created directory </tmp/jormal-picsom-37813/memad-uc1>
[22/Jan/2021 11:46:51.993]   *memad-uc1* Copied </scratch/cs/imagedb/picsom/databases/memad-uc1/sqlite3.db> to </tmp/jormal-picsom-37813/memad-uc1/sqlite3.db> 496640 bytes (485kB) in 0.00117435 s (403MB/s)
[22/Jan/2021 11:46:51.993] ::: Executing system(/bin/touch -r /scratch/cs/imagedb/picsom/databases/memad-uc1/sqlite3.db /tmp/jormal-picsom-37813/memad-uc1/sqlite3.db)
[22/Jan/2021 11:46:51.998] ::: Successfully executed system(/bin/touch -r /scratch/cs/imagedb/picsom/databases/memad-uc1/sqlite3.db /tmp/jormal-picsom-37813/memad-uc1/sqlite3.db) in 0.00483046 s
[22/Jan/2021 11:46:51.999]   *memad-uc1* Sqlite DB </tmp/jormal-picsom-37813/memad-uc1/sqlite3.db> 496640 bytes stored [22.01.2021 10:13:08] opened read-only
[22/Jan/2021 11:46:52.000]   *memad-uc1* SQL contains tables: version (1) files (1) objects (2082) aliases (0) segmentations (0) history (0) subobjects (2070)
[22/Jan/2021 11:46:52.000]   *memad-uc1* Retrieved <settings.xml> (5487 bytes, times 22.01.2021 10:10:01 and 22.01.2021 10:10:01) from SQL
[22/Jan/2021 11:46:52.001] W *memad-uc1* Settings read from </tmp/jormal-picsom-37813/memad-uc1/settings.xml>
[22/Jan/2021 11:46:52.001] W *memad-uc1* Format of labels is 12=12
[22/Jan/2021 11:46:52.001] W *memad-uc1* Using binary features read=yes write=yes
[22/Jan/2021 11:46:52.002]   *caffe* Opening database with sql=ro fea=ro det=ro
[22/Jan/2021 11:46:52.009]   *caffe* Path()=/scratch/cs/imagedb/picsom/databases/caffe filesystem=10.12.0.5@o2ib2,10.13.0.5@o2ib3:10.12.0.6@o2ib2,10.13.0.6@o2ib3:/lstr12k mountpoint=/scratch
[22/Jan/2021 11:46:52.009] ::: Created directory </tmp/jormal-picsom-37813/caffe>
[22/Jan/2021 11:46:52.010]   *caffe* Copied </scratch/cs/imagedb/picsom/databases/caffe/sqlite3.db> to </tmp/jormal-picsom-37813/caffe/sqlite3.db> 24576 bytes (24.0kB) in 0.000492708 s (47.6MB/s)
[22/Jan/2021 11:46:52.010] ::: Executing system(/bin/touch -r /scratch/cs/imagedb/picsom/databases/caffe/sqlite3.db /tmp/jormal-picsom-37813/caffe/sqlite3.db)
[22/Jan/2021 11:46:52.015] ::: Successfully executed system(/bin/touch -r /scratch/cs/imagedb/picsom/databases/caffe/sqlite3.db /tmp/jormal-picsom-37813/caffe/sqlite3.db) in 0.00476407 s
[22/Jan/2021 11:46:52.015]   *caffe* Sqlite DB </tmp/jormal-picsom-37813/caffe/sqlite3.db> 24576 bytes stored [21.06.2018 17:20:44] opened read-only
[22/Jan/2021 11:46:52.016]   *caffe* SQL contains tables: version (1) files (1) objects (0) aliases (0) segmentations (0) history (0)
[22/Jan/2021 11:46:52.016]   *caffe* Retrieved <settings.xml> (11827 bytes, times 21.06.2018 17:20:21 and 21.06.2018 17:20:44) from SQL
[22/Jan/2021 11:46:52.017] W *caffe* Settings read from </tmp/jormal-picsom-37813/caffe/settings.xml>
[22/Jan/2021 11:46:52.017] W *caffe* Format of labels is 2+2+2+2=8
[22/Jan/2021 11:46:52.017] W *caffe* Using binary features read=yes write=yes
[22/Jan/2021 11:46:52.374]   *caffe* Starting to read labels from SQL
[22/Jan/2021 11:46:52.374]   *caffe* Built subobject index in 0.000 seconds, 0 new objects have total of 0 subobjects
[22/Jan/2021 11:46:52.496]   *svmdb* Opening database with sql=ro fea=ro det=ro
[22/Jan/2021 11:46:52.504]   *svmdb* Path()=/scratch/cs/imagedb/picsom/databases/svmdb filesystem=10.12.0.5@o2ib2,10.13.0.5@o2ib3:10.12.0.6@o2ib2,10.13.0.6@o2ib3:/lstr12k mountpoint=/scratch
[22/Jan/2021 11:46:52.505] ::: Created directory </tmp/jormal-picsom-37813/svmdb>
[22/Jan/2021 11:46:52.505]   *svmdb* Copied </scratch/cs/imagedb/picsom/databases/svmdb/sqlite3.db> to </tmp/jormal-picsom-37813/svmdb/sqlite3.db> 19456 bytes (19.0kB) in 0.000429396 s (43.2MB/s)
[22/Jan/2021 11:46:52.505] ::: Executing system(/bin/touch -r /scratch/cs/imagedb/picsom/databases/svmdb/sqlite3.db /tmp/jormal-picsom-37813/svmdb/sqlite3.db)
[22/Jan/2021 11:46:52.511] ::: Successfully executed system(/bin/touch -r /scratch/cs/imagedb/picsom/databases/svmdb/sqlite3.db /tmp/jormal-picsom-37813/svmdb/sqlite3.db) in 0.00533119 s
[22/Jan/2021 11:46:52.511]   *svmdb* Sqlite DB </tmp/jormal-picsom-37813/svmdb/sqlite3.db> 19456 bytes stored [23.05.2018 17:07:47] opened read-only
[22/Jan/2021 11:46:52.511]   *svmdb* SQL contains tables: version (1) files (1) objects (0) aliases (0) segmentations (0) history (0)
[22/Jan/2021 11:46:52.512] W *svmdb* Settings read from </scratch/cs/imagedb/picsom/databases/svmdb/settings.xml>
[22/Jan/2021 11:46:52.512] W *svmdb* Format of labels is 6=6
[22/Jan/2021 11:46:52.512] W *svmdb* Using binary features read=yes write=yes
[22/Jan/2021 11:46:52.512]   *svmdb* Starting to read labels from SQL
[22/Jan/2021 11:46:52.512]   *svmdb* Built subobject index in 0.000 seconds, 0 new objects have total of 0 subobjects
[22/Jan/2021 11:46:52.513]   *svmdb* Read cat2wn data from <cat2wn.txt> where 205 categories matched 203 synsets in 205 rules
[22/Jan/2021 11:46:52.515]   *sun-397* Opening database with sql=ro fea=ro det=ro
[22/Jan/2021 11:46:52.523]   *sun-397* Path()=/scratch/cs/imagedb/picsom/databases/sun-397 filesystem=10.12.0.5@o2ib2,10.13.0.5@o2ib3:10.12.0.6@o2ib2,10.13.0.6@o2ib3:/lstr12k mountpoint=/scratch
[22/Jan/2021 11:46:52.523] ::: Created directory </tmp/jormal-picsom-37813/sun-397>
[22/Jan/2021 11:46:52.553]   *sun-397* Copied </scratch/cs/imagedb/picsom/databases/sun-397/sqlite3.db> to </tmp/jormal-picsom-37813/sun-397/sqlite3.db> 21628928 bytes (20.6MB) in 0.0298016 s (692MB/s)
[22/Jan/2021 11:46:52.553] ::: Executing system(/bin/touch -r /scratch/cs/imagedb/picsom/databases/sun-397/sqlite3.db /tmp/jormal-picsom-37813/sun-397/sqlite3.db)
[22/Jan/2021 11:46:52.559] ::: Successfully executed system(/bin/touch -r /scratch/cs/imagedb/picsom/databases/sun-397/sqlite3.db /tmp/jormal-picsom-37813/sun-397/sqlite3.db) in 0.0060871 s
[22/Jan/2021 11:46:52.560]   *sun-397* Sqlite DB </tmp/jormal-picsom-37813/sun-397/sqlite3.db> 21628928 bytes stored [23.05.2018 17:07:47] opened read-only
[22/Jan/2021 11:46:52.567]   *sun-397* SQL contains tables: version (1) files (1) objects (108756) aliases (0) segmentations (0) history (0)
[22/Jan/2021 11:46:52.567]   *sun-397* Retrieved <settings.xml> (9192 bytes, times 19.02.2016 17:38:01 and 19.02.2016 17:38:30) from SQL
[22/Jan/2021 11:46:52.568] W *sun-397* Settings read from </tmp/jormal-picsom-37813/sun-397/settings.xml>
[22/Jan/2021 11:46:52.568] W *sun-397* Format of labels is 3+2+2=7
[22/Jan/2021 11:46:52.568] W *sun-397* Using binary features read=yes write=yes
[22/Jan/2021 11:46:52.688]   *sun-397* Starting to read labels from SQL
[22/Jan/2021 11:46:52.866]   *sun-397* Read 108756 object labels from SQL in 0.178 seconds (612500/s), total size now 108756
[22/Jan/2021 11:46:52.866]   *sun-397* ( 0.177561 = 0.000130594 + 0.17743 )
[22/Jan/2021 11:46:52.866]   *sun-397* TargetType statistics of sun-397 :
[22/Jan/2021 11:46:52.866]   *sun-397*   = total =        108756
[22/Jan/2021 11:46:52.866]   *sun-397*   image            108756
[22/Jan/2021 11:46:52.869]   *sun-397* Built subobject index in 0.003 seconds, 0 new objects have total of 0 subobjects
[22/Jan/2021 11:46:52.872]   *sun-397* Read cat2wn data from <cat2wn.txt> where 309 categories matched 288 synsets in 310 rules
[22/Jan/2021 11:46:52.874]   *memad-uc1* Starting to read labels from SQL
[22/Jan/2021 11:46:52.878]   *memad-uc1* Read 2082 object labels from SQL in 0.004 seconds (470885/s), total size now 2082
[22/Jan/2021 11:46:52.878]   *memad-uc1* ( 0.00442147 = 0.000135755 + 0.00428571 )
[22/Jan/2021 11:46:52.878]   *memad-uc1* TargetType statistics of memad-uc1 :
[22/Jan/2021 11:46:52.878]   *memad-uc1*   = total =          2082
[22/Jan/2021 11:46:52.878]   *memad-uc1*   file                 12
[22/Jan/2021 11:46:52.878]   *memad-uc1*   segment            1035
[22/Jan/2021 11:46:52.878]   *memad-uc1*   image              1035
[22/Jan/2021 11:46:52.878]   *memad-uc1*   video              1047
[22/Jan/2021 11:46:52.878]   *memad-uc1*   file+video           12
[22/Jan/2021 11:46:52.878]   *memad-uc1*   segment+video      1035
[22/Jan/2021 11:46:52.880]   *memad-uc1* Built subobject index in 0.001 seconds, 12 new objects have total of 2070 subobjects
[22/Jan/2021 11:46:52.882] == Script: analyse=videoshotsequence database=memad-uc1 features=c_in12_rn152_pool5o_d_a segmentspec=:t
[22/Jan/2021 11:46:52.882] == Args:   202000823804
[22/Jan/2021 11:46:52.882] == AnalyseVideoShotsequence
collected: 202000823804:t0 0.28
collected: 202000823804:t1 1.36
collected: 202000823804:t2 10.8
collected: 202000823804:t3 31.84
collected: 202000823804:t4 66.92
collected: 202000823804:t5 86.44
collected: 202000823804:t6 89.56
collected: 202000823804:t7 92.72
collected: 202000823804:t8 96.88
collected: 202000823804:t9 101.48
collected: 202000823804:t10 106.16
collected: 202000823804:t11 111.08
collected: 202000823804:t12 116.44
collected: 202000823804:t13 119.24
collected: 202000823804:t14 121.64
collected: 202000823804:t15 132.52
collected: 202000823804:t16 140.88
collected: 202000823804:t17 144.24
collected: 202000823804:t18 148.04
collected: 202000823804:t19 153.2
collected: 202000823804:t20 156.4
collected: 202000823804:t21 158.56
collected: 202000823804:t22 161.56
collected: 202000823804:t23 162.8
collected: 202000823804:t24 165.48
collected: 202000823804:t25 168.84
collected: 202000823804:t26 174.68
collected: 202000823804:t27 181.44
collected: 202000823804:t28 187.48
collected: 202000823804:t29 192.48
collected: 202000823804:t30 199.44
collected: 202000823804:t31 206
collected: 202000823804:t32 207.48
collected: 202000823804:t33 219.72
collected: 202000823804:t34 228.2
collected: 202000823804:t35 231.56
collected: 202000823804:t36 239
collected: 202000823804:t37 249.2
collected: 202000823804:t38 265.04
collected: 202000823804:t39 279.56
[22/Jan/2021 11:46:52.897]   tssom{memad-uc1/c_in12_rn152_pool5o_d_a [image]} Opened existing 17055808 bytes (16.3MB) bin data file <features/c_in12_rn152_pool5o_d_a.bin> for reading
[22/Jan/2021 11:46:52.897]   tssom{memad-uc1/c_in12_rn152_pool5o_d_a [image]}   PSBD v1 [64] len=8192 dim=2048 format=0x1 size=17055808 (16.3MB) [float, 32 bits/comp, 2082 objects] ro
distances: 202000823804:t0[22/Jan/2021 11:46:52.912]   *memad-uc1* DataBase::FeatureDataCombinedPrepare(c_in12_rn152_pool5o_d_a) : file </scratch/cs/imagedb/picsom/databases/memad-uc1/features/c_in12_rn152_pool5o_d_a.txt> doesn't exist
 middleframe 202000823804:3
distances: 202000823804:t1 middleframe 202000823804:20
distances: 202000823804:t2 middleframe 202000823804:151
distances: 202000823804:t3 middleframe 202000823804:532
distances: 202000823804:t4 middleframe 202000823804:1234
distances: 202000823804:t5 middleframe 202000823804:1916
distances: 202000823804:t6 middleframe 202000823804:2199
distances: 202000823804:t7 middleframe 202000823804:2278
distances: 202000823804:t8 middleframe 202000823804:2369
distances: 202000823804:t9 middleframe 202000823804:2479
distances: 202000823804:t10 middleframe 202000823804:2595
distances: 202000823804:t11 middleframe 202000823804:2715
distances: 202000823804:t12 middleframe 202000823804:2843
distances: 202000823804:t13 middleframe 202000823804:2945
distances: 202000823804:t14 middleframe 202000823804:3010
distances: 202000823804:t15 middleframe 202000823804:3177
distances: 202000823804:t16 middleframe 202000823804:3417
distances: 202000823804:t17 middleframe 202000823804:3563
distances: 202000823804:t18 middleframe 202000823804:3653
distances: 202000823804:t19 middleframe 202000823804:3765
distances: 202000823804:t20 middleframe 202000823804:3869
distances: 202000823804:t21 middleframe 202000823804:3936
distances: 202000823804:t22 middleframe 202000823804:4001
distances: 202000823804:t23 middleframe 202000823804:4054
distances: 202000823804:t24 middleframe 202000823804:4103
distances: 202000823804:t25 middleframe 202000823804:4178
distances: 202000823804:t26 middleframe 202000823804:4293
distances: 202000823804:t27 middleframe 202000823804:4451
distances: 202000823804:t28 middleframe 202000823804:4611
distances: 202000823804:t29 middleframe 202000823804:4749
distances: 202000823804:t30 middleframe 202000823804:4898
distances: 202000823804:t31 middleframe 202000823804:5067
distances: 202000823804:t32 middleframe 202000823804:5168
distances: 202000823804:t33 middleframe 202000823804:5339
distances: 202000823804:t34 middleframe 202000823804:5598
distances: 202000823804:t35 middleframe 202000823804:5746
distances: 202000823804:t36 middleframe 202000823804:5881
distances: 202000823804:t37 middleframe 202000823804:6102
distances: 202000823804:t38 middleframe 202000823804:6427
distances: 202000823804:t39 middleframe 202000823804:6807
[22/Jan/2021 11:46:53.478] == Stored raw distance matrix in <202000823804-raw.npy>
[22/Jan/2021 11:46:53.478] == Stored equalized distance matrix in <202000823804-eq.npy>
[22/Jan/2021 11:46:53.478] == Stored time points in <202000823804-time.npy>
QQQ 040 202000823804:t0 00:00:00.000 00:00:00.280                                           0  58  92  57  50  62  71  47  63  54  73   100  47  53  53
QQQ 141 202000823804:t1 00:00:00.280 00:00:01.360                                      58   0  86  78  76  82  82  47  82  56  87  53    58  47  11 -42
QQQ 242 202000823804:t2 00:00:01.360 00:00:10.800                                  92  86   0  92  83  89 100  75  88  78  86  84  95    86  75  11   0
QQQ 343 202000823804:t3 00:00:10.800 00:00:31.840                              57  78  92   0  42  33  72  53  69  47  76  56  83  40    57  33  24  13
QQQ 444 202000823804:t4 00:00:31.840 00:01:06.920                          50  76  83  42   0  41  78  45  71  45  80  58  89  45  69    42  41   1 -23
QQQ 545 202000823804:t5 00:01:06.920 00:01:26.440                      62  82  89  33  41   0  65  51  66  38  72  48  78  31  58  45    33  31   2   1
QQQ 646 202000823804:t6 00:01:26.440 00:01:29.560                  71  82 100  72  78  65   0  58  48  58  48  55  43  55  50  78  60    65  43  22  20
QQQ 747 202000823804:t7 00:01:29.560 00:01:32.720              47  47  75  53  45  51  58   0  53  44  57  38  62  37  55  57  43  48    45  37   8 -14
QQQ 848 202000823804:t8 00:01:32.720 00:01:36.880          63  82  88  69  71  66  48  53   0  52  12  58  29  51  43  72  58  44  48    48  12  36  28
QQQ 949 202000823804:t9 00:01:36.880 00:01:41.480      54  56  78  47  45  38  58  44  52   0  55  40  59  24  41  51  17  46  28  40    38  17  21 -15
QQQ 1050 202000823804:t10 00:01:41.480 00:01:46.160  73  87  86  76  80  72  48  57  12  55   0  59  21  53  38  76  59  46  50  49  33    12  21  -9 -30
QQQ 1151 202000823804:t11 00:01:46.160 00:01:51.080  53  84  56  58  48  55  38  58  40  59   0  65  42  46  70  40  53  35  51  48  37    38  35   3  12
QQQ 1252 202000823804:t12 00:01:51.080 00:01:56.440  95  83  89  78  43  62  29  59  21  65   0  56  45  84  62  55  55  58  50  66  30    21  30  -9 -12
QQQ 1353 202000823804:t13 00:01:56.440 00:01:59.240  40  45  31  55  37  51  24  53  42  56   0  46  35  20  35  20  31  49  22  44  25    24  20   4  13
QQQ 1454 202000823804:t14 00:01:59.240 00:02:01.640  69  58  50  55  43  41  38  46  45  46   0  73  50  47  37  43  34  47  46  50  43    38  34   4   0
QQQ 1555 202000823804:t15 00:02:01.640 00:02:12.520  45  78  57  72  51  76  70  84  35  73   0  43  48  39  45  71  38  72  37  75  53    35  37  -2  -6
QQQ 1656 202000823804:t16 00:02:12.520 00:02:20.880  60  43  58  17  59  40  62  20  50  43   0  46  26  39  53  23  54  19  55  28  44    17  19  -2   0
QQQ 1757 202000823804:t17 00:02:20.880 00:02:24.240  48  44  46  46  53  55  35  47  48  46   0  30  21  47  43  48  48  45  44  44  52    35  21  14  16
QQQ 1858 202000823804:t18 00:02:24.240 00:02:28.040  48  28  50  35  55  20  37  39  26  30   0  22  45  24  47  32  49  35  40  35  26    20  22  -2 -16
QQQ 1959 202000823804:t19 00:02:28.040 00:02:33.200  40  49  51  58  31  43  45  39  21  22   0  46  36  45  44  44  43  40  44  35  47    21  35 -14 -12
QQQ 2060 202000823804:t20 00:02:33.200 00:02:36.400  33  48  50  49  34  71  53  47  45  46   0  45  41  53  42  43  62  56  44  59  70    33  41  -8   6
QQQ 2161 202000823804:t21 00:02:36.400 00:02:38.560  37  66  22  47  38  23  43  24  36  45   0  54  22  55  27  35  28  15  46  42  64    22  15   7  15
QQQ 2262 202000823804:t22 00:02:38.560 00:02:41.560  30  44  46  72  54  48  47  45  41  54   0  51   9  43  60  63  49  67  65  62  68    30   9  21  14
QQQ 2363 202000823804:t23 00:02:41.560 00:02:42.800  25  50  37  19  48  32  44  53  22  51   0  55  23  37  27  25  42  52  71  49  70    19  23  -4 -25
QQQ 2464 202000823804:t24 00:02:42.800 00:02:45.480  43  75  55  45  49  44  42  55   9  55   0  43  65  69  52  67  70  64  67  61  61     9  43 -34 -30
QQQ 2565 202000823804:t25 00:02:45.480 00:02:48.840  53  28  44  35  43  43  27  43  23  43   0  49  36  29  42  57  68  47  67  53  49    23  29  -6  28
QQQ 2666 202000823804:t26 00:02:48.840 00:02:54.680  44  44  40  40  62  35  60  37  65  49   0  43  39  56  58  71  67  69  66  56  73    35  39  -4   2
QQQ 2767 202000823804:t27 00:02:54.680 00:03:01.440  52  35  44  56  28  63  27  69  36  43   0  25  42  55  69  55  69  62  45  70  53    27  25   2   6
QQQ 2868 202000823804:t28 00:03:01.440 00:03:07.480  26  35  44  15  49  25  52  29  39  25   0  49  42  61  45  61  59  45  64  50  51    15  42 -27 -29
QQQ 2969 202000823804:t29 00:03:07.480 00:03:12.480  47  59  46  67  42  67  42  56  42  49   0  68  73  62  75  70  47  70  49  78  70    42  47  -5  22
QQQ 3070 202000823804:t30 00:03:12.480 00:03:19.440  70  42  65  52  70  57  58  55  42  68   0  52  47  52  68  57  71  62  35  50        42  35   7  12
QQQ 3171 202000823804:t31 00:03:19.440 00:03:26.000  64  62  71  64  68  71  69  61  73  52   0  49  14  51  58  47  49  68  60            52  14  38  31
QQQ 3272 202000823804:t32 00:03:26.000 00:03:27.480  68  49  67  47  67  55  45  62  47  49   0  52  54  53  64  54  62  57                45  52  -7 -45
QQQ 3373 202000823804:t33 00:03:27.480 00:03:39.720  70  61  67  69  69  61  75  52  14  52   0  54  61  38  46  69  60                    14  38 -24 -17
QQQ 3474 202000823804:t34 00:03:39.720 00:03:48.200  61  53  66  62  59  70  68  51  54  54   0  49  34  32  81  63                        51  32  19  43
QQQ 3575 202000823804:t35 00:03:48.200 00:03:51.560  49  56  45  45  47  57  58  53  61  49   0  54  42  60  55                            45  42   3 -16
QQQ 3676 202000823804:t36 00:03:51.560 00:03:59.000  73  70  64  70  71  47  64  38  34  54   0  19  82  64                                34  19  15  12
QQQ 3777 202000823804:t37 00:03:59.000 00:04:09.200  53  50  49  62  49  54  46  32  42  19   0  72  54                                    19  54 -35 -50
QQQ 3878 202000823804:t38 00:04:09.200 00:04:25.040  51  78  35  68  62  69  81  60  82  72   0  58                                        35  58 -23  12
QQQ 3979 202000823804:t39 00:04:25.040 00:04:39.560  70  50  60  57  60  63  55  64  54  58   0                                            50 100 -50 -27
Starting round 0 with 40 clusters
0 : 0
1 : 1
2 : 2
3 : 3
4 : 4
5 : 5
6 : 6
7 : 7
8 : 8
9 : 9
10 : 10
11 : 11
12 : 12
13 : 13
14 : 14
15 : 15
16 : 16
17 : 17
18 : 18
19 : 19
20 : 20
21 : 21
22 : 22
23 : 23
24 : 24
25 : 25
26 : 26
27 : 27
28 : 28
29 : 29
30 : 30
31 : 31
32 : 32
33 : 33
34 : 34
35 : 35
36 : 36
37 : 37
38 : 38
39 : 39
XXX:0:1:2:3:4:5:6:7:8:9:10:11:12:13:14:15:16:17:18:19:20:21:22:23:24:25:26:27:28:29:30:31:32:33:34:35:36:37:38:39
matrix<float> 40x40
0 1667.56 2634.59 1640.56 1427.55 1757.47 2020.03 1338.59 1800.96 1528.38 2079.42 1507.55 2428.96 1509.48 1869.46 1914.29 1716.67 1840.34 1398.63 1762.72 1568.9 1346.2 1893.02 1763.21 1971.28 1747.22 1860.37 1882.51 1495.77 2358.13 1845.4 2152.69 1777.95 2261.02 2229.35 1889.73 2371.12 2072.52 1895.1 1414.85 
1667.56 0 2443.48 2238.42 2163.35 2329.36 2337.06 1339.09 2352.03 1585.64 2490.55 1513.73 2458.56 1518.9 2177.99 2160 1762.3 1846.57 1426.61 1775.58 2426.86 1420.36 2435.3 1990.78 2345.23 1983.86 2128.73 1833.15 1567.94 2385.15 2036.88 2105.41 2013.51 2162.68 2302.29 1855.39 2328.07 1933.02 1883.73 1848.27 
2634.59 2443.48 0 2637.38 2378.59 2546.19 2856.25 2152.84 2523.05 2235.79 2465.57 2395.57 2707.33 2191.94 2313.84 2692.48 2250.85 2274.07 1914.5 1979.09 2485.09 2212.84 2465.47 2392.36 2431.8 2313.53 2811.64 2355.25 2047.8 2577.31 2754.43 2750.52 2575.19 2793.39 2624.85 1987.18 2621.41 2467.38 2527.99 2243.06 
1640.56 2238.42 2637.38 0 1189.9 942.635 2056.59 1516.71 1967.98 1355.94 2172.26 1590.14 2361.53 1138.94 1747.25 1378.67 1252.15 1704.05 1023.43 1363.13 1749.13 1103.16 1793.46 1345.77 1997.9 1498.99 1265.59 1310.38 1140.7 1655.07 1252.19 1976.25 1522.16 2018.75 1994.72 1455.02 2087.51 1703.2 1725.37 1090.09 
1427.55 2163.35 2378.59 1189.9 0 1176.41 2225.12 1277.11 2014.3 1297.77 2275.61 1654.22 2547.22 1277.17 1976.98 1623.68 1359.47 1786.07 1098.68 1453.8 1709.01 1082.48 1857.12 1516.58 2041.11 1770.24 1555.89 1556.09 1091.03 2167.35 1280.16 2190.89 1728.21 2241.78 2229.89 1684.25 2321.46 2107.24 1106.81 930.251 
1757.47 2329.36 2546.19 942.635 1176.41 0 1862.81 1446.34 1891.29 1075.79 2066.09 1363.43 2215.44 898.357 1650.57 1282.72 807.661 1696.91 997.557 1353.35 1619 876.206 1695.45 940.461 1882.48 1270.04 1257.75 1158.95 923.588 1626.63 1305.12 2047.79 1479.54 2060.62 2040.92 1569.02 2242.03 1988.18 1747.71 1207.75 
2020.03 2337.06 2856.25 2056.59 2225.12 1862.81 0 1654.24 1358.4 1663.57 1368.63 1581.99 1235.27 1571 1438.04 2232.32 1721.99 1502.97 1383.16 1616.45 1589.02 1740.85 1199.06 1724.03 1402.07 1491.43 2048.22 2033.03 1627.28 2105.42 1936.57 1967.07 1954.37 1844.02 1936.89 1816.42 2003.32 1899.62 2108.12 1932.39 
1338.59 1339.09 2152.84 1516.71 1277.11 1446.34 1654.24 0 1511.53 1260.72 1630.8 1083.14 1776.09 1051.28 1573.14 1624.46 1224.31 1362.56 1052.21 1266.75 1543.1 1056.13 1250.03 1368.98 1307.16 1416.64 1433.81 1453.35 1104.97 1967.78 1551.9 1738.54 1535.96 1809.13 1861.41 1201.11 1928.9 1752.72 1450.13 1232.79 
1800.96 2352.03 2523.05 1967.98 2014.3 1891.29 1358.4 1511.53 0 1479.78 356.851 1658.8 819.325 1457.25 1216.06 2051.93 1653.06 1265.18 1361.32 1341.93 962.074 1490.24 886.074 1495.75 874.879 1280.37 1720.08 1773.84 1467.81 2027.94 2043.91 2097.55 2105.32 1962.19 2021.6 1717.42 2100.5 1940.77 2158.93 1720.6 
1528.38 1585.64 2235.79 1355.94 1297.77 1075.79 1663.57 1260.72 1479.78 0 1562.29 1139.39 1689.66 685 1177.47 1445.24 473.656 1323.98 795.051 1154.31 1147.74 567.838 1543.61 664.314 1554.27 804.575 1363.09 875.774 638.999 1387.24 1364.62 1857.75 1069.38 1821.87 1716.51 1408.73 1915.11 1535.91 1507.6 1289.86 
2079.42 2490.55 2465.57 2172.26 2275.61 2066.09 1368.63 1630.8 356.851 1562.29 0 1679.62 588.151 1501.8 1089.9 2183.83 1680.86 1318.8 1425.03 1385.99 937.143 1670.62 883.845 1599.45 832.713 1344.29 1922.19 1921.81 1579.72 1971.07 2208.68 2088.92 2164.72 1915.8 1895.73 1638.56 2003.81 1864.67 2305.88 1944.82 
1507.55 1513.73 2395.57 1590.14 1654.22 1363.43 1581.99 1083.14 1658.8 1139.39 1679.62 0 1843.84 1211.77 1306.8 2004.35 1155.76 1506.76 991.162 1445.58 1378.35 1069.86 1626.01 1500.84 1613.24 1411.29 1970.49 1423.72 1085.32 1787.1 1457.3 1790.89 1239.22 1829.56 1954.9 1314.36 1989.54 1682.8 1642.42 1662.29 
2428.96 2458.56 2707.33 2361.53 2547.22 2215.44 1235.27 1776.09 819.325 1689.66 588.151 1843.84 0 1601.14 1283.58 2396.06 1764.15 1570.25 1566.98 1648.22 1425.78 1881.04 859.456 1679.86 797.157 1350.3 2130.49 2053.33 1688.51 2041.48 2241.37 1997.98 2241.72 1954.11 1867.61 1704.32 2198.93 2030.41 2389.06 2204.53 
1509.48 1518.9 2191.94 1138.94 1277.17 898.357 1571 1051.28 1457.25 685 1501.8 1211.77 1601.14 0 1312.29 999.462 557.672 998.392 578.043 888.102 1395.71 633.417 1270.22 718.654 1350.03 861.607 847.017 783.554 759.162 1145.45 1217.99 1585.27 1243.79 1542.94 1613.26 1166.24 1715.51 1372.7 1348.22 1135.65 
1869.46 2177.99 2313.84 1747.25 1976.98 1650.57 1438.04 1573.14 1216.06 1177.47 1089.9 1306.8 1283.58 1312.29 0 2091.83 1431.41 1343.3 1064.69 1216.1 962.191 1338.28 1312.9 1425.84 1222.49 1046.81 1894.42 1522.85 1301.03 1472.59 1966.19 1949.03 1612.33 1917.51 1905.71 1541.61 1995.44 1627.59 1948.59 1798.6 
1914.29 2160 2692.48 1378.67 1623.68 1282.72 2232.32 1624.46 2051.93 1445.24 2183.83 2004.35 2396.06 999.462 2091.83 0 1241.54 1364 1100.88 1293.66 2016.15 1074.1 2055.4 1058.25 2129.1 1514.68 492.484 1280.07 1235.27 1407.11 1567.82 2042.21 1791.07 2018.18 2050.84 1535.46 2184.76 1770.03 1786.5 1468.13 
1716.67 1762.3 2250.85 1252.15 1359.47 807.661 1721.99 1224.31 1653.06 473.656 1680.86 1155.76 1764.15 557.672 1431.41 1241.54 0 1315.78 728.909 1125.82 1520.88 644.832 1540.33 534.291 1567.65 795.536 1265.94 854.83 629.601 1312.99 1234.04 1713.44 1054.17 1706.45 1653.91 1310.18 1875.31 1545.26 1522.44 1353.22 
1840.34 1846.57 2274.07 1704.05 1786.07 1696.91 1502.97 1362.56 1265.18 1323.98 1318.8 1506.76 1570.25 998.392 1343.3 1364 1315.78 0 862.418 588.008 1342.42 1229.7 1370.47 1363.51 1297.03 1261.45 1250.89 1486.75 1192.54 1498.97 1801.07 1763.51 1709.75 1540.73 1815.04 1224.84 1700.22 1457.2 1710.32 1603.99 
1398.63 1426.61 1914.5 1023.43 1098.68 997.557 1383.16 1052.21 1361.32 795.051 1425.03 991.162 1566.98 578.043 1064.69 1100.88 728.909 862.418 0 639.193 1279.28 696.894 1333.2 914.09 1391.96 996.954 1138.34 992.515 750.46 1210.19 981.326 1354.84 1130.39 1328.33 1573.69 1050.13 1513.04 1242.77 1016.88 1182.6 
1762.72 1775.58 1979.09 1363.13 1453.8 1353.35 1616.45 1266.75 1341.93 1154.31 1385.99 1445.58 1648.22 888.102 1216.1 1293.66 1125.82 588.008 639.193 0 1300.32 1029.06 1296.1 1252.78 1261.95 1222.6 1133.55 1259.65 991.022 1336.15 1552.25 1553.25 1530.84 1395.55 1646.43 1157.43 1449.72 1167.96 1559.03 1177.53 
1568.9 2426.86 2485.09 1749.13 1709.01 1619 1589.02 1543.1 962.074 1147.74 937.143 1378.35 1425.78 1395.71 962.191 2016.15 1520.88 1342.42 1279.28 1300.32 0 1271.89 1159.45 1500.29 1198.67 1213.91 1782.43 1613.17 1265.37 1680.53 1994.52 2040.43 1794.9 2031.25 2074.18 1637.26 2133.11 1825.03 2014.43 1627.7 
1346.2 1420.36 2212.84 1103.16 1082.48 876.206 1740.85 1056.13 1490.24 567.838 1670.62 1069.86 1881.04 633.417 1338.28 1074.1 644.832 1229.7 696.894 1029.06 1271.89 0 1534.74 627.341 1579.87 757.275 1013.08 812.444 425.913 1303.16 1210.25 1818.36 1253.23 1834.22 1730.09 1220.11 1918.15 1490.74 1263.6 1101.15 
1893.02 2435.3 2465.47 1793.46 1857.12 1695.45 1199.06 1250.03 886.074 1543.61 883.845 1626.01 859.456 1270.22 1312.9 2055.4 1540.33 1370.47 1333.2 1296.1 1159.45 1534.74 0 1466.22 256.924 1236.78 1715.34 1801.57 1407.31 1924.97 1858.48 1765.69 1938.61 1699.24 1579.34 1522.99 1685.61 1705.76 2077.76 1512.05 
1763.21 1990.78 2392.36 1345.77 1516.58 940.461 1724.03 1368.98 1495.75 664.314 1599.45 1500.84 1679.86 718.654 1425.84 1058.25 534.291 1363.51 914.09 1252.78 1500.29 627.341 1466.22 0 1563.38 657.95 1057.22 782.701 724.522 1188.19 1488.9 2016.88 1406.47 2001.5 1628.98 1379.78 2007.52 1566.33 1714.63 1385.69 
1971.28 2345.23 2431.8 1997.9 2041.11 1882.48 1402.07 1307.16 874.879 1554.27 832.713 1613.24 797.157 1350.03 1222.49 2129.1 1567.65 1297.03 1391.96 1261.95 1198.67 1579.87 256.924 1563.38 0 1214.11 1862.99 1959.84 1476.84 1919.84 2002.51 1834.5 1921.8 1752.45 1744.39 1535.64 1794.51 1756.96 2166.78 1685.34 
1747.22 1983.86 2313.53 1498.99 1770.24 1270.04 1491.43 1416.64 1280.37 804.575 1344.29 1411.29 1350.3 861.607 1046.81 1514.68 795.536 1261.45 996.954 1222.6 1213.91 757.275 1236.78 657.95 1214.11 0 1403.92 1039.19 827.726 1190.02 1638.68 1936.27 1352.98 1926.99 1523.51 1388.81 1976.76 1494.65 1818.23 1597.4 
1860.37 2128.73 2811.64 1265.59 1555.89 1257.75 2048.22 1433.81 1720.08 1363.09 1922.19 1970.49 2130.49 847.017 1894.42 492.484 1265.94 1250.89 1138.34 1133.55 1782.43 1013.08 1715.34 1057.22 1862.99 1403.92 0 1233.2 1120.4 1594.64 1650.71 2040.04 1920.76 1982.82 1881.59 1593.96 2088.6 1738.9 1829.42 1296.95 
1882.51 1833.15 2355.25 1310.38 1556.09 1158.95 2033.03 1453.35 1773.84 875.774 1921.81 1423.72 2053.33 783.554 1522.85 1280.07 854.83 1486.75 992.515 1259.65 1613.17 812.444 1801.57 782.701 1959.84 1039.19 1233.2 0 728.319 1196.3 1577.91 1958.84 1568.67 1976.5 1769.29 1290.09 1991.28 1512.88 1758.09 1423.57 
1495.77 1567.94 2047.8 1140.7 1091.03 923.588 1627.28 1104.97 1467.81 638.999 1579.72 1085.32 1688.51 759.162 1301.03 1235.27 629.601 1192.54 750.46 991.022 1265.37 425.913 1407.31 724.522 1476.84 827.726 1120.4 728.319 0 1389.81 1211.01 1756.24 1298.45 1743.26 1688.71 1274.17 1830.85 1440.69 1459.56 1101.84 
2358.13 2385.15 2577.31 1655.07 2167.35 1626.63 2105.42 1967.78 2027.94 1387.24 1971.07 1787.1 2041.48 1145.45 1472.59 1407.11 1312.99 1498.97 1210.19 1336.15 1680.53 1303.16 1924.97 1188.19 1919.84 1190.02 1594.64 1196.3 1389.81 0 1942.07 2095.83 1757.26 2142.08 1990.39 1350.95 1987.43 1388.44 2223.45 1995.16 
1845.4 2036.88 2754.43 1252.19 1280.16 1305.12 1936.57 1551.9 2043.91 1364.62 2208.68 1457.3 2241.37 1217.99 1966.19 1567.82 1234.04 1801.07 981.326 1552.25 1994.52 1210.25 1858.48 1488.9 2002.51 1638.68 1650.71 1577.91 1211.01 1942.07 0 1494.6 1342.67 1498.3 1931.18 1622.51 2022.28 1782.78 1008.77 1417.52 
2152.69 2105.41 2750.52 1976.25 2190.89 2047.79 1967.07 1738.54 2097.55 1857.75 2088.92 1790.89 1997.98 1585.27 1949.03 2042.21 1713.44 1763.51 1354.84 1553.25 2040.43 1818.36 1765.69 2016.88 1834.5 1936.27 2040.04 1958.84 1756.24 2095.83 1494.6 0 1390.59 407.244 1459.06 1644.84 1336.31 1401.47 1931.58 1725.93 
1777.95 2013.51 2575.19 1522.16 1728.21 1479.54 1954.37 1535.96 2105.32 1069.38 2164.72 1239.22 2241.72 1243.79 1612.33 1791.07 1054.17 1709.75 1130.39 1530.84 1794.9 1253.23 1938.61 1406.47 1921.8 1352.98 1920.76 1568.67 1298.45 1757.26 1342.67 1390.59 0 1478.11 1539.18 1521.2 1836.91 1536.58 1772.65 1630.69 
2261.02 2162.68 2793.39 2018.75 2241.78 2060.62 1844.02 1809.13 1962.19 1821.87 1915.8 1829.56 1954.11 1542.94 1917.51 2018.18 1706.45 1540.73 1328.33 1395.55 2031.25 1834.22 1699.24 2001.5 1752.45 1926.99 1982.82 1976.5 1743.26 2142.08 1498.3 407.244 1478.11 0 1539.88 1746.49 1087.72 1321.75 1974.84 1699.57 
2229.35 2302.29 2624.85 1994.72 2229.89 2040.92 1936.89 1861.41 2021.6 1716.51 1895.73 1954.9 1867.61 1613.26 1905.71 2050.84 1653.91 1815.04 1573.69 1646.43 2074.18 1730.09 1579.34 1628.98 1744.39 1523.51 1881.59 1769.29 1688.71 1990.39 1931.18 1459.06 1539.18 1539.88 0 1389.44 965.063 902.973 2320.23 1802.52 
1889.73 1855.39 1987.18 1455.02 1684.25 1569.02 1816.42 1201.11 1717.42 1408.73 1638.56 1314.36 1704.32 1166.24 1541.61 1535.46 1310.18 1224.84 1050.13 1157.43 1637.26 1220.11 1522.99 1379.78 1535.64 1388.81 1593.96 1290.09 1274.17 1350.95 1622.51 1644.84 1521.2 1746.49 1389.44 0 1531.32 1189.11 1699.95 1576.58 
2371.12 2328.07 2621.41 2087.51 2321.46 2242.03 2003.32 1928.9 2100.5 1915.11 2003.81 1989.54 2198.93 1715.51 1995.44 2184.76 1875.31 1700.22 1513.04 1449.72 2133.11 1918.15 1685.61 2007.52 1794.51 1976.76 2088.6 1991.28 1830.85 1987.43 2022.28 1336.31 1836.91 1087.72 965.063 1531.32 0 556.894 2347.9 1822 
2072.52 1933.02 2467.38 1703.2 2107.24 1988.18 1899.62 1752.72 1940.77 1535.91 1864.67 1682.8 2030.41 1372.7 1627.59 1770.03 1545.26 1457.2 1242.77 1167.96 1825.03 1490.74 1705.76 1566.33 1756.96 1494.65 1738.9 1512.88 1440.69 1388.44 1782.78 1401.47 1536.58 1321.75 902.973 1189.11 556.894 0 2057.9 1547.55 
1895.1 1883.73 2527.99 1725.37 1106.81 1747.71 2108.12 1450.13 2158.93 1507.6 2305.88 1642.42 2389.06 1348.22 1948.59 1786.5 1522.44 1710.32 1016.88 1559.03 2014.43 1263.6 2077.76 1714.63 2166.78 1818.23 1829.42 1758.09 1459.56 2223.45 1008.77 1931.58 1772.65 1974.84 2320.23 1699.95 2347.9 2057.9 0 1647.38 
1414.85 1848.27 2243.06 1090.09 930.251 1207.75 1932.39 1232.79 1720.6 1289.86 1944.82 1662.29 2204.53 1135.65 1798.6 1468.13 1353.22 1603.99 1182.6 1177.53 1627.7 1101.15 1512.05 1385.69 1685.34 1597.4 1296.95 1423.57 1101.84 1995.16 1417.52 1725.93 1630.69 1699.57 1802.52 1576.58 1822 1547.55 1647.38 0 
XXy 256.924
combining clusters
  22 : 22
  24 : 24
Starting round 1 with 40 clusters
0 : 0
1 : 1
2 : 2
3 : 3
4 : 4
5 : 5
6 : 6
7 : 7
8 : 8
9 : 9
10 : 10
11 : 11
12 : 12
13 : 13
14 : 14
15 : 15
16 : 16
17 : 17
18 : 18
19 : 19
20 : 20
21 : 21
22 : 22 24
23 : 23
24 : 25
25 : 26
26 : 27
27 : 28
28 : 29
29 : 30
30 : 31
31 : 32
32 : 33
33 : 34
34 : 35
35 : 36
36 : 37
37 : 38
38 : 39
XXX:0:1:2:3:4:5:6:7:8:9:10:11:12:13:14:15:16:17:18:19:20:21:22:23:22:24:25:26:27:28:29:30:31:32:33:34:35:36:37:38
matrix<float> 39x39
0 1667.56 2634.59 1640.56 1427.55 1757.47 2020.03 1338.59 1800.96 1528.38 2079.42 1507.55 2428.96 1509.48 1869.46 1914.29 1716.67 1840.34 1398.63 1762.72 1568.9 1346.2 1893.02 1763.21 1747.22 1860.37 1882.51 1495.77 2358.13 1845.4 2152.69 1777.95 2261.02 2229.35 1889.73 2371.12 2072.52 1895.1 1414.85 
1667.56 0 2443.48 2238.42 2163.35 2329.36 2337.06 1339.09 2352.03 1585.64 2490.55 1513.73 2458.56 1518.9 2177.99 2160 1762.3 1846.57 1426.61 1775.58 2426.86 1420.36 2345.23 1990.78 1983.86 2128.73 1833.15 1567.94 2385.15 2036.88 2105.41 2013.51 2162.68 2302.29 1855.39 2328.07 1933.02 1883.73 1848.27 
2634.59 2443.48 0 2637.38 2378.59 2546.19 2856.25 2152.84 2523.05 2235.79 2465.57 2395.57 2707.33 2191.94 2313.84 2692.48 2250.85 2274.07 1914.5 1979.09 2485.09 2212.84 2431.8 2392.36 2313.53 2811.64 2355.25 2047.8 2577.31 2754.43 2750.52 2575.19 2793.39 2624.85 1987.18 2621.41 2467.38 2527.99 2243.06 
1640.56 2238.42 2637.38 0 1189.9 942.635 2056.59 1516.71 1967.98 1355.94 2172.26 1590.14 2361.53 1138.94 1747.25 1378.67 1252.15 1704.05 1023.43 1363.13 1749.13 1103.16 1793.46 1345.77 1498.99 1265.59 1310.38 1140.7 1655.07 1252.19 1976.25 1522.16 2018.75 1994.72 1455.02 2087.51 1703.2 1725.37 1090.09 
1427.55 2163.35 2378.59 1189.9 0 1176.41 2225.12 1277.11 2014.3 1297.77 2275.61 1654.22 2547.22 1277.17 1976.98 1623.68 1359.47 1786.07 1098.68 1453.8 1709.01 1082.48 1857.12 1516.58 1770.24 1555.89 1556.09 1091.03 2167.35 1280.16 2190.89 1728.21 2241.78 2229.89 1684.25 2321.46 2107.24 1106.81 930.251 
