[22/Jan/2021 11:46:49.268] ::: Cleaning up in background bogus /tmp/jormal-picsom-35396
[22/Jan/2021 11:46:49.269] ::: Executing system(/bin/rm -rf /tmp/jormal-picsom-35396 1>/dev/null 2>&1 &)
[22/Jan/2021 11:46:49.273] ::: Created directory </tmp/jormal-picsom-37582>
[22/Jan/2021 11:46:49.273] ::: Created directory </tmp/jormal-picsom-37582/tmp>
[22/Jan/2021 11:46:49.275] ::: PicSOM.C = 2.636
[22/Jan/2021 11:46:49.275] ::: PicSOM.h = 2.332
[22/Jan/2021 11:46:49.275] ::: compiler = GCC 4.8.5
[22/Jan/2021 11:46:49.275] ::: CODEFLAGS = -O3 -std=c++11 -Wno-deprecated -D PICSOM_PATH=/scratch/cs/imagedb/picsom -D PICSOM_USE_AUDIO -D PICSOM_IMAGEDATA_FAST -D PICSOM_USE_JAULA -D PICSOM_USE_VLFEAT -D PICSOM_USE_CAFFE -D CPU_ONLY -D USE_MKL -D PICSOM_USE_PYTHON3 -fPIC -D PICSOM_USE_OPENCV
[22/Jan/2021 11:46:49.275] ::: compiletime = Jan 13 2021 14:43:12
[22/Jan/2021 11:46:49.275] ::: Algorithms = textonly, randomx, picsomx, example
[22/Jan/2021 11:46:49.275] ::: Methods = precalculated, wordinverse, svm, tssom
[22/Jan/2021 11:46:49.275] ::: Features = extbatch, torchvision, i3d, torchdensecap, pyfasterrcnn, 
[22/Jan/2021 11:46:49.275] ::: 	caffe, trajectory, vlfeat, zerocrossingrate, avgaudioenergy, 
[22/Jan/2021 11:46:49.275] ::: 	audiofreq, geom, edgehistogram, dominantcolor, scalablecolor, 
[22/Jan/2021 11:46:49.275] ::: 	colorlayout, ColorSIFT, ipld, sift, externalsound, wordhist, 
[22/Jan/2021 11:46:49.275] ::: 	msgdate, ngram, cepstr, edgefourier, edgecoocc, edgehist, 
[22/Jan/2021 11:46:49.275] ::: 	zernikemom, contourfd, raw, samplecolour, colour, colm, 
[22/Jan/2021 11:46:49.275] ::: 	texture, rgb, dummy
[22/Jan/2021 11:46:49.276] ::: Segmentations = TemporalMorphology, DisplayResults, AddDescription
[22/Jan/2021 11:46:49.276] ::: CUDA = 10000 (0,0)
[22/Jan/2021 11:46:49.276] ::: Pieces = caffe_20190403,
[22/Jan/2021 11:46:49.276] ::: 	protobuf_3002000,
[22/Jan/2021 11:46:49.276] ::: 	torch,
[22/Jan/2021 11:46:49.276] ::: 	intel_mkl_110003 (),
[22/Jan/2021 11:46:49.276] ::: 	OpenBlas DYNAMIC_ARCH NO_AFFINITY Sandybridge MAX_THREADS=12, csoap,
[22/Jan/2021 11:46:49.276] ::: 	mad_0.15.1 (beta) (MPEG Audio Decoder 0.15.1 (beta)),
[22/Jan/2021 11:46:49.276] ::: 	sndfile (libsndfile-1.0.21), audiodfile_0.2.4,
[22/Jan/2021 11:46:49.276] ::: 	fftw3 (FFTW 3.3.4 wrappers to MKL), opencv_3.4.5,
[22/Jan/2021 11:46:49.276] ::: 	vlfeat_0.9.17 (0.9.17), flandmark,
[22/Jan/2021 11:46:49.276] ::: 	sqlite3_3.7.17 (3.7.17), LMDB 0.9.14: (June 20,
[22/Jan/2021 11:46:49.276] ::: 	2014) (LMDB 0.9.14: (June 20, 2014)), libmagic,
[22/Jan/2021 11:46:49.276] ::: 	OpenSSL 1.0.2k-fips  26 Jan 2017, WordNet (3.0),
[22/Jan/2021 11:46:49.276] ::: 	Aspell (), libavcodec_58.54.100 (58.54.100),
[22/Jan/2021 11:46:49.276] ::: 	libavformat_58.29.100 (58.29.100),
[22/Jan/2021 11:46:49.276] ::: 	libavutil_56.31.100 (56.31.100),
[22/Jan/2021 11:46:49.276] ::: 	libswscale_5.5.100 (5.5.100), jsoncpp_1.6.5, libzip_1.2.0,
[22/Jan/2021 11:46:49.276] ::: 	TIFF_20120922, giflib_5.1.4, hdf5_1.10.5 (1.10.5)
[22/Jan/2021 11:46:49.276] ::: Python = 3.6.3 (3.6.3 (default, Sep  7 2018, 09:35:51)  [GCC 5.5.0])
[22/Jan/2021 11:46:49.276] ::: Raptor = 2.0.15 (2.0.15)
[22/Jan/2021 11:46:49.276] ::: Rasqal = 0.9.33 (0.9.33)
[22/Jan/2021 11:46:49.276] ::: cv::cuda::CudaEnabledDeviceCount = -1 (no devices)
[22/Jan/2021 11:46:49.276] :::   compute capability built = 10 11 12 13 20 21 30 35 global_atomics shared_atomics native_double warp_shuffle_functions dynamic_parallelism
[22/Jan/2021 11:46:49.276] :::   compute capability has = 3.0 3.5 3.7 5.0 5.2 6.0 6.1 7.0 7.5
[22/Jan/2021 11:46:49.276] :::   compute capability ptx = 
[22/Jan/2021 11:46:49.276] :::   compute capability bin = 3.0 3.5 3.7 5.0 5.2 6.0 6.1 7.0 7.5
[22/Jan/2021 11:46:49.276] ::: imagedata = $Id: imagedata.h,v 1.114 2020/02/25 08:38:15 jormal Exp $
[22/Jan/2021 11:46:49.276] ::: imagefile = $Id: imagefile.h,v 1.57 2019/05/29 12:49:18 jormal Exp $
[22/Jan/2021 11:46:49.276] ::: imagefile::impl = $Id: imagefile-opencv.C,v 1.40 2019/06/18 10:09:10 jormal Exp $
[22/Jan/2021 11:46:49.276] ::: imagefile::impl_library = OpenCV 3.4.5
[22/Jan/2021 11:46:49.276] ::: xmlParserVersion = 2.9.4 / 20904
[22/Jan/2021 11:46:49.276] ::: ZLIB_VERSION = 1.2.7 / 1.2.7
[22/Jan/2021 11:46:49.276] ::: pthreads = in Classifier.C and in PicSOM.C (threads=-1, conn=0, tssom=0, analysis=0)
[22/Jan/2021 11:46:49.283] ::: user=jormal, host=login2, ip=10.10.254.21, arch=linux64, distr=CentOS Linux release 7.9.2009 (Core), pid=37582/37582, gpudevice=-1, development=1
[22/Jan/2021 11:46:49.283] ::: CUDA driver=0.0 runtime=0.0 devicecount=0
[22/Jan/2021 11:46:49.283] ::: cwd=/scratch/cs/imagedb/picsom/databases/memad-uc1/analysis/jorma/videoshotsequence
[22/Jan/2021 11:46:49.283] ::: cmdline=picsom ./videoshotsequence - 202000823730
[22/Jan/2021 11:46:49.283] ::: binary=/scratch/cs/imagedb/jormal/picsom/c++/picsom.linux64.fast
[22/Jan/2021 11:46:49.283] ::: RootDir()=/home/jormal/picsom
[22/Jan/2021 11:46:49.283] ::: Path()=/scratch/cs/imagedb/picsom
[22/Jan/2021 11:46:49.283] ::: UserHomeDir()=/home/jormal
[22/Jan/2021 11:46:49.283] ::: UserName()=jormal
[22/Jan/2021 11:46:49.283] ::: SolveArchitecture()=linux64
[22/Jan/2021 11:46:49.283] ::: ${LD_LIBRARY_PATH}=/share/apps/spack/software/cudnn/7.4.2/ytqkwf3/lib64:/share/apps/spack/software/cuda/10.0.130/sr56dkt/lib64
[22/Jan/2021 11:46:49.283] ::: ${LOADEDMODULES}=cuda/10.0.130:cudnn/7.4.2-cuda
[22/Jan/2021 11:46:49.283] ::: ${PATH}=/home/jormal/bin:/share/apps/spack/software/cuda/10.0.130/sr56dkt/bin:/usr/lib/qt-3.3/bin:/usr/lib64/ccache:/home/jormal/bin:/usr/local/bin:/usr/bin:/scratch/cs/imagedb/picsom/linux64/bin:/home/jormal/.local/bin:/usr/local/sbin:/usr/sbin:/sbin:/usr/sbin:/home/jormal/hosts
[22/Jan/2021 11:46:49.283] ::: Registered thread 0(0)/unlimited/1(0+0+0/0) "" <picsom-0> picsom 37582 0 0 : main
[22/Jan/2021 11:46:49.285]   *memad-uc1* Opening database with sql=ro fea=ro det=ro
[22/Jan/2021 11:46:49.292]   *memad-uc1* Path()=/scratch/cs/imagedb/picsom/databases/memad-uc1 filesystem=10.12.0.5@o2ib2,10.13.0.5@o2ib3:10.12.0.6@o2ib2,10.13.0.6@o2ib3:/lstr12k mountpoint=/scratch
[22/Jan/2021 11:46:49.292] ::: Created directory </tmp/jormal-picsom-37582/memad-uc1>
[22/Jan/2021 11:46:49.293]   *memad-uc1* Copied </scratch/cs/imagedb/picsom/databases/memad-uc1/sqlite3.db> to </tmp/jormal-picsom-37582/memad-uc1/sqlite3.db> 496640 bytes (485kB) in 0.00106641 s (444MB/s)
[22/Jan/2021 11:46:49.293] ::: Executing system(/bin/touch -r /scratch/cs/imagedb/picsom/databases/memad-uc1/sqlite3.db /tmp/jormal-picsom-37582/memad-uc1/sqlite3.db)
[22/Jan/2021 11:46:49.297] ::: Successfully executed system(/bin/touch -r /scratch/cs/imagedb/picsom/databases/memad-uc1/sqlite3.db /tmp/jormal-picsom-37582/memad-uc1/sqlite3.db) in 0.00430034 s
[22/Jan/2021 11:46:49.298]   *memad-uc1* Sqlite DB </tmp/jormal-picsom-37582/memad-uc1/sqlite3.db> 496640 bytes stored [22.01.2021 10:13:08] opened read-only
[22/Jan/2021 11:46:49.299]   *memad-uc1* SQL contains tables: version (1) files (1) objects (2082) aliases (0) segmentations (0) history (0) subobjects (2070)
[22/Jan/2021 11:46:49.299]   *memad-uc1* Retrieved <settings.xml> (5487 bytes, times 22.01.2021 10:10:01 and 22.01.2021 10:10:01) from SQL
[22/Jan/2021 11:46:49.301] W *memad-uc1* Settings read from </tmp/jormal-picsom-37582/memad-uc1/settings.xml>
[22/Jan/2021 11:46:49.301] W *memad-uc1* Format of labels is 12=12
[22/Jan/2021 11:46:49.301] W *memad-uc1* Using binary features read=yes write=yes
[22/Jan/2021 11:46:49.301]   *caffe* Opening database with sql=ro fea=ro det=ro
[22/Jan/2021 11:46:49.308]   *caffe* Path()=/scratch/cs/imagedb/picsom/databases/caffe filesystem=10.12.0.5@o2ib2,10.13.0.5@o2ib3:10.12.0.6@o2ib2,10.13.0.6@o2ib3:/lstr12k mountpoint=/scratch
[22/Jan/2021 11:46:49.309] ::: Created directory </tmp/jormal-picsom-37582/caffe>
[22/Jan/2021 11:46:49.309]   *caffe* Copied </scratch/cs/imagedb/picsom/databases/caffe/sqlite3.db> to </tmp/jormal-picsom-37582/caffe/sqlite3.db> 24576 bytes (24.0kB) in 0.000428487 s (54.7MB/s)
[22/Jan/2021 11:46:49.309] ::: Executing system(/bin/touch -r /scratch/cs/imagedb/picsom/databases/caffe/sqlite3.db /tmp/jormal-picsom-37582/caffe/sqlite3.db)
[22/Jan/2021 11:46:49.314] ::: Successfully executed system(/bin/touch -r /scratch/cs/imagedb/picsom/databases/caffe/sqlite3.db /tmp/jormal-picsom-37582/caffe/sqlite3.db) in 0.00504738 s
[22/Jan/2021 11:46:49.315]   *caffe* Sqlite DB </tmp/jormal-picsom-37582/caffe/sqlite3.db> 24576 bytes stored [21.06.2018 17:20:44] opened read-only
[22/Jan/2021 11:46:49.315]   *caffe* SQL contains tables: version (1) files (1) objects (0) aliases (0) segmentations (0) history (0)
[22/Jan/2021 11:46:49.315]   *caffe* Retrieved <settings.xml> (11827 bytes, times 21.06.2018 17:20:21 and 21.06.2018 17:20:44) from SQL
[22/Jan/2021 11:46:49.316] W *caffe* Settings read from </tmp/jormal-picsom-37582/caffe/settings.xml>
[22/Jan/2021 11:46:49.316] W *caffe* Format of labels is 2+2+2+2=8
[22/Jan/2021 11:46:49.316] W *caffe* Using binary features read=yes write=yes
[22/Jan/2021 11:46:49.688]   *caffe* Starting to read labels from SQL
[22/Jan/2021 11:46:49.689]   *caffe* Built subobject index in 0.000 seconds, 0 new objects have total of 0 subobjects
[22/Jan/2021 11:46:49.814]   *svmdb* Opening database with sql=ro fea=ro det=ro
[22/Jan/2021 11:46:49.821]   *svmdb* Path()=/scratch/cs/imagedb/picsom/databases/svmdb filesystem=10.12.0.5@o2ib2,10.13.0.5@o2ib3:10.12.0.6@o2ib2,10.13.0.6@o2ib3:/lstr12k mountpoint=/scratch
[22/Jan/2021 11:46:49.821] ::: Created directory </tmp/jormal-picsom-37582/svmdb>
[22/Jan/2021 11:46:49.822]   *svmdb* Copied </scratch/cs/imagedb/picsom/databases/svmdb/sqlite3.db> to </tmp/jormal-picsom-37582/svmdb/sqlite3.db> 19456 bytes (19.0kB) in 0.00042794 s (43.4MB/s)
[22/Jan/2021 11:46:49.822] ::: Executing system(/bin/touch -r /scratch/cs/imagedb/picsom/databases/svmdb/sqlite3.db /tmp/jormal-picsom-37582/svmdb/sqlite3.db)
[22/Jan/2021 11:46:49.827] ::: Successfully executed system(/bin/touch -r /scratch/cs/imagedb/picsom/databases/svmdb/sqlite3.db /tmp/jormal-picsom-37582/svmdb/sqlite3.db) in 0.00459579 s
[22/Jan/2021 11:46:49.827]   *svmdb* Sqlite DB </tmp/jormal-picsom-37582/svmdb/sqlite3.db> 19456 bytes stored [23.05.2018 17:07:47] opened read-only
[22/Jan/2021 11:46:49.827]   *svmdb* SQL contains tables: version (1) files (1) objects (0) aliases (0) segmentations (0) history (0)
[22/Jan/2021 11:46:49.828] W *svmdb* Settings read from </scratch/cs/imagedb/picsom/databases/svmdb/settings.xml>
[22/Jan/2021 11:46:49.828] W *svmdb* Format of labels is 6=6
[22/Jan/2021 11:46:49.828] W *svmdb* Using binary features read=yes write=yes
[22/Jan/2021 11:46:49.828]   *svmdb* Starting to read labels from SQL
[22/Jan/2021 11:46:49.828]   *svmdb* Built subobject index in 0.000 seconds, 0 new objects have total of 0 subobjects
[22/Jan/2021 11:46:49.829]   *svmdb* Read cat2wn data from <cat2wn.txt> where 205 categories matched 203 synsets in 205 rules
[22/Jan/2021 11:46:49.832]   *sun-397* Opening database with sql=ro fea=ro det=ro
[22/Jan/2021 11:46:49.839]   *sun-397* Path()=/scratch/cs/imagedb/picsom/databases/sun-397 filesystem=10.12.0.5@o2ib2,10.13.0.5@o2ib3:10.12.0.6@o2ib2,10.13.0.6@o2ib3:/lstr12k mountpoint=/scratch
[22/Jan/2021 11:46:49.839] ::: Created directory </tmp/jormal-picsom-37582/sun-397>
[22/Jan/2021 11:46:49.869]   *sun-397* Copied </scratch/cs/imagedb/picsom/databases/sun-397/sqlite3.db> to </tmp/jormal-picsom-37582/sun-397/sqlite3.db> 21628928 bytes (20.6MB) in 0.0293975 s (702MB/s)
[22/Jan/2021 11:46:49.869] ::: Executing system(/bin/touch -r /scratch/cs/imagedb/picsom/databases/sun-397/sqlite3.db /tmp/jormal-picsom-37582/sun-397/sqlite3.db)
[22/Jan/2021 11:46:49.874] ::: Successfully executed system(/bin/touch -r /scratch/cs/imagedb/picsom/databases/sun-397/sqlite3.db /tmp/jormal-picsom-37582/sun-397/sqlite3.db) in 0.00512049 s
[22/Jan/2021 11:46:49.874]   *sun-397* Sqlite DB </tmp/jormal-picsom-37582/sun-397/sqlite3.db> 21628928 bytes stored [23.05.2018 17:07:47] opened read-only
[22/Jan/2021 11:46:49.881]   *sun-397* SQL contains tables: version (1) files (1) objects (108756) aliases (0) segmentations (0) history (0)
[22/Jan/2021 11:46:49.881]   *sun-397* Retrieved <settings.xml> (9192 bytes, times 19.02.2016 17:38:01 and 19.02.2016 17:38:30) from SQL
[22/Jan/2021 11:46:49.882] W *sun-397* Settings read from </tmp/jormal-picsom-37582/sun-397/settings.xml>
[22/Jan/2021 11:46:49.882] W *sun-397* Format of labels is 3+2+2=7
[22/Jan/2021 11:46:49.882] W *sun-397* Using binary features read=yes write=yes
[22/Jan/2021 11:46:50.005]   *sun-397* Starting to read labels from SQL
[22/Jan/2021 11:46:50.194]   *sun-397* Read 108756 object labels from SQL in 0.188 seconds (576975/s), total size now 108756
[22/Jan/2021 11:46:50.194]   *sun-397* ( 0.188493 = 0.000112914 + 0.188381 )
[22/Jan/2021 11:46:50.194]   *sun-397* TargetType statistics of sun-397 :
[22/Jan/2021 11:46:50.194]   *sun-397*   = total =        108756
[22/Jan/2021 11:46:50.194]   *sun-397*   image            108756
[22/Jan/2021 11:46:50.197]   *sun-397* Built subobject index in 0.003 seconds, 0 new objects have total of 0 subobjects
[22/Jan/2021 11:46:50.200]   *sun-397* Read cat2wn data from <cat2wn.txt> where 309 categories matched 288 synsets in 310 rules
[22/Jan/2021 11:46:50.202]   *memad-uc1* Starting to read labels from SQL
[22/Jan/2021 11:46:50.206]   *memad-uc1* Read 2082 object labels from SQL in 0.004 seconds (491894/s), total size now 2082
[22/Jan/2021 11:46:50.206]   *memad-uc1* ( 0.00423262 = 0.000120511 + 0.0041121 )
[22/Jan/2021 11:46:50.206]   *memad-uc1* TargetType statistics of memad-uc1 :
[22/Jan/2021 11:46:50.206]   *memad-uc1*   = total =          2082
[22/Jan/2021 11:46:50.206]   *memad-uc1*   file                 12
[22/Jan/2021 11:46:50.206]   *memad-uc1*   segment            1035
[22/Jan/2021 11:46:50.206]   *memad-uc1*   image              1035
[22/Jan/2021 11:46:50.206]   *memad-uc1*   video              1047
[22/Jan/2021 11:46:50.206]   *memad-uc1*   file+video           12
[22/Jan/2021 11:46:50.206]   *memad-uc1*   segment+video      1035
[22/Jan/2021 11:46:50.208]   *memad-uc1* Built subobject index in 0.001 seconds, 12 new objects have total of 2070 subobjects
[22/Jan/2021 11:46:50.210] == Script: analyse=videoshotsequence database=memad-uc1 features=c_in12_rn152_pool5o_d_a segmentspec=:t
[22/Jan/2021 11:46:50.210] == Args:   202000823730
[22/Jan/2021 11:46:50.210] == AnalyseVideoShotsequence
collected: 202000823730:t0 0.8
collected: 202000823730:t1 10.24
collected: 202000823730:t2 25.88
collected: 202000823730:t3 32.16
collected: 202000823730:t4 36.76
collected: 202000823730:t5 42.84
collected: 202000823730:t6 47.64
collected: 202000823730:t7 79.72
collected: 202000823730:t8 88.24
collected: 202000823730:t9 96.2
collected: 202000823730:t10 101.44
collected: 202000823730:t11 104.8
collected: 202000823730:t12 108.48
collected: 202000823730:t13 120.68
collected: 202000823730:t14 135.16
collected: 202000823730:t15 138.96
collected: 202000823730:t16 145.84
collected: 202000823730:t17 151.72
collected: 202000823730:t18 156.52
collected: 202000823730:t19 176.32
collected: 202000823730:t20 181.12
collected: 202000823730:t21 191.04
collected: 202000823730:t22 195.92
collected: 202000823730:t23 202.56
collected: 202000823730:t24 212.36
collected: 202000823730:t25 213.56
collected: 202000823730:t26 217.68
collected: 202000823730:t27 220.56
collected: 202000823730:t28 230.88
collected: 202000823730:t29 233.32
collected: 202000823730:t30 235.68
collected: 202000823730:t31 237.68
collected: 202000823730:t32 239.2
collected: 202000823730:t33 240.64
collected: 202000823730:t34 247.32
collected: 202000823730:t35 251.16
collected: 202000823730:t36 265.48
collected: 202000823730:t37 279.96
[22/Jan/2021 11:46:50.224]   tssom{memad-uc1/c_in12_rn152_pool5o_d_a [image]} Opened existing 17055808 bytes (16.3MB) bin data file <features/c_in12_rn152_pool5o_d_a.bin> for reading
[22/Jan/2021 11:46:50.224]   tssom{memad-uc1/c_in12_rn152_pool5o_d_a [image]}   PSBD v1 [64] len=8192 dim=2048 format=0x1 size=17055808 (16.3MB) [float, 32 bits/comp, 2082 objects] ro
distances: 202000823730:t0[22/Jan/2021 11:46:50.224]   *memad-uc1* DataBase::FeatureDataCombinedPrepare(c_in12_rn152_pool5o_d_a) : file </scratch/cs/imagedb/picsom/databases/memad-uc1/features/c_in12_rn152_pool5o_d_a.txt> doesn't exist
 middleframe 202000823730:9
distances: 202000823730:t1 middleframe 202000823730:137
distances: 202000823730:t2 middleframe 202000823730:451
distances: 202000823730:t3 middleframe 202000823730:725
distances: 202000823730:t4 middleframe 202000823730:860
distances: 202000823730:t5 middleframe 202000823730:994
distances: 202000823730:t6 middleframe 202000823730:1130
distances: 202000823730:t7 middleframe 202000823730:1591
distances: 202000823730:t8 middleframe 202000823730:2099
distances: 202000823730:t9 middleframe 202000823730:2305
distances: 202000823730:t10 middleframe 202000823730:2470
distances: 202000823730:t11 middleframe 202000823730:2577
distances: 202000823730:t12 middleframe 202000823730:2665
distances: 202000823730:t13 middleframe 202000823730:2864
distances: 202000823730:t14 middleframe 202000823730:3197
distances: 202000823730:t15 middleframe 202000823730:3426
distances: 202000823730:t16 middleframe 202000823730:3559
distances: 202000823730:t17 middleframe 202000823730:3719
distances: 202000823730:t18 middleframe 202000823730:3853
distances: 202000823730:t19 middleframe 202000823730:4160
distances: 202000823730:t20 middleframe 202000823730:4467
distances: 202000823730:t21 middleframe 202000823730:4651
distances: 202000823730:t22 middleframe 202000823730:4836
distances: 202000823730:t23 middleframe 202000823730:4980
distances: 202000823730:t24 middleframe 202000823730:5186
distances: 202000823730:t25 middleframe 202000823730:5323
distances: 202000823730:t26 middleframe 202000823730:5390
distances: 202000823730:t27 middleframe 202000823730:5477
distances: 202000823730:t28 middleframe 202000823730:5642
distances: 202000823730:t29 middleframe 202000823730:5802
distances: 202000823730:t30 middleframe 202000823730:5862
distances: 202000823730:t31 middleframe 202000823730:5916
distances: 202000823730:t32 middleframe 202000823730:5960
distances: 202000823730:t33 middleframe 202000823730:5997
distances: 202000823730:t34 middleframe 202000823730:6099
distances: 202000823730:t35 middleframe 202000823730:6230
distances: 202000823730:t36 middleframe 202000823730:6457
distances: 202000823730:t37 middleframe 202000823730:6818
[22/Jan/2021 11:46:50.686] == Stored raw distance matrix in <202000823730-raw.npy>
[22/Jan/2021 11:46:50.686] == Stored equalized distance matrix in <202000823730-eq.npy>
[22/Jan/2021 11:46:50.686] == Stored time points in <202000823730-time.npy>
QQQ 01 202000823730:t0 00:00:00.000 00:00:00.800                                           0  76  65  66  63  64  65  54  49  55  65   100  49  51  51
QQQ 12 202000823730:t1 00:00:00.800 00:00:10.240                                      76   0  86  84  73  82  92  77  76  78  85  79    76  73   3 -48
QQQ 23 202000823730:t2 00:00:10.240 00:00:25.880                                  65  86   0  50  48  48  46  41  32  30  49  46  48    65  30  35  32
QQQ 34 202000823730:t3 00:00:25.880 00:00:32.160                              66  84  50   0  45  30  39  50  49  46  56  58  53  41    50  30  20 -15
QQQ 45 202000823730:t4 00:00:32.160 00:00:36.760                          63  73  48  45   0  44  57  52  39  41  57  54  56  35  52    45  35  10 -10
QQQ 56 202000823730:t5 00:00:36.760 00:00:42.840                      64  82  48  30  44   0  30  48  44  31  52  51  47  41  48  30    30  30   0 -10
QQQ 67 202000823730:t6 00:00:42.840 00:00:47.640                  65  92  46  39  57  30   0  44  42  38  52  54  46  46  44  23  57    30  23   7   7
QQQ 78 202000823730:t7 00:00:47.640 00:01:19.720              54  77  41  50  52  48  44   0  31  33  17  26  14  40   0  39  42  50    41   0  41  34
QQQ 89 202000823730:t8 00:01:19.720 00:01:28.240          49  76  32  49  39  44  42  31   0  23  45  39  43  29  31  31  44  57  49    31  23   8 -33
QQQ 910 202000823730:t9 00:01:28.240 00:01:36.200      55  78  30  46  41  31  38  33  23   0  44  39  39  36  33  30  43  54  49  56    23  30  -7 -15
QQQ 1011 202000823730:t10 00:01:36.200 00:01:41.440  65  85  49  56  57  52  52  17  45  44   0  29   4  48  18  51  40  53  53  58  52    17   4  13  20
QQQ 1112 202000823730:t11 00:01:41.440 00:01:44.800  79  46  58  54  51  54  26  39  39  29   0  29  45  26  47  45  57  56  60  50  44    26  26   0 -13
QQQ 1213 202000823730:t12 00:01:44.800 00:01:48.480  48  53  56  47  46  14  43  39   4  29   0  46  16  45  42  53  49  56  51  42  63     4  16 -12 -12
QQQ 1314 202000823730:t13 00:01:48.480 00:02:00.680  41  35  41  46  40  29  36  48  45  46   0  40  34  46  52  46  54  38  41  55  43    29  34  -5   7
QQQ 1415 202000823730:t14 00:02:00.680 00:02:15.160  52  48  44   0  31  33  18  26  16  40   0  39  42  50  50  55  51  42  60  41  56     0  39 -39 -34
QQQ 1516 202000823730:t15 00:02:15.160 00:02:18.960  30  23  39  31  30  51  47  45  34  39   0  51  52  57  50  44  46  55  54  55  50    23  44 -21  18
QQQ 1617 202000823730:t16 00:02:18.960 00:02:25.840  57  42  44  43  40  45  42  46  42  51   0  40  27  49  39  28  48  25  55  43  58    40  25  15  36
QQQ 1718 202000823730:t17 00:02:25.840 00:02:31.720  50  57  54  53  57  53  52  50  52  40   0  48  28  40  40  33  51  28  50  36  37    40  28  12  -3
QQQ 1819 202000823730:t18 00:02:31.720 00:02:36.520  49  49  53  56  49  46  50  57  27  48   0  53  50  32  57  51  56  49  57  55  59    27  32  -5 -17
QQQ 1920 202000823730:t19 00:02:36.520 00:02:56.320  56  58  60  56  54  55  50  49  28  53   0  34  42  44  64  42  47  43  31  64  69    28  31  -3   2
QQQ 2021 202000823730:t20 00:02:56.320 00:03:01.120  52  50  51  38  51  44  39  40  50  34   0  38  36  47  48  40  49  39  54  53  56    34  36  -2   1
QQQ 2122 202000823730:t21 00:03:01.120 00:03:11.040  44  42  41  42  46  28  40  32  42  38   0  40  47  47  30  49  40  52  52  53  51    28  30  -2   0
QQQ 2223 202000823730:t22 00:03:11.040 00:03:15.920  63  55  60  55  48  33  57  44  36  40   0  59  42  49  41  42  66  68  68  61  66    33  41  -8  -6
QQQ 2324 202000823730:t23 00:03:15.920 00:03:22.560  43  41  54  25  51  51  64  47  47  59   0  62  48  65  56  44  38  38  44  72  55    25  38 -13  -5
QQQ 2425 202000823730:t24 00:03:22.560 00:03:32.360  56  55  55  28  56  42  48  47  42  62   0  43  17  33  67  72  73  68  61  62  74    28  17  11  24
QQQ 2526 202000823730:t25 00:03:32.360 00:03:33.560  50  43  50  49  47  40  30  49  48  43   0  44  35  50  52  52  48  65  51  58  71    30  35  -5 -16
QQQ 2627 202000823730:t26 00:03:33.560 00:03:37.680  58  36  57  43  49  49  41  65  17  44   0  29  60  65  64  61  50  53  59  75  67    17  29 -12  -7
QQQ 2728 202000823730:t27 00:03:37.680 00:03:40.560  37  55  31  39  40  42  56  33  35  29   0  57  56  54  51  62  48  47  70  58  51    29  47 -18  -6
QQQ 2829 202000823730:t28 00:03:40.560 00:03:50.880  59  64  54  52  66  44  67  50  60  57   0  49  44  49  63  63  71  67  50  46        44  44   0  18
QQQ 2930 202000823730:t29 00:03:50.880 00:03:53.320  69  53  52  68  38  72  52  65  56  49   0  21  38  57  57  67  57  38  54            38  21  17  17
QQQ 3031 202000823730:t30 00:03:53.320 00:03:55.680  56  53  68  38  73  52  64  54  44  21   0  42  57  56  64  46  39  57                21  39 -18 -35
QQQ 3132 202000823730:t31 00:03:55.680 00:03:57.680  51  61  44  68  48  61  51  49  38  42   0  68  56  67  65  51  50                    38  50 -12   6
QQQ 3233 202000823730:t32 00:03:57.680 00:03:59.200  66  72  61  65  50  62  63  57  57  68   0  66  77  72  70  75                        50  66 -16  -4
QQQ 3334 202000823730:t33 00:03:59.200 00:04:00.640  55  62  51  53  48  63  57  56  56  66   0  24  60  63  56                            48  24  24  40
QQQ 3435 202000823730:t34 00:04:00.640 00:04:07.320  74  58  59  47  71  67  64  67  77  24   0  67  74  69                                24  67 -43 -67
QQQ 3536 202000823730:t35 00:04:07.320 00:04:11.160  71  75  70  67  57  46  65  72  60  67   0  60  71                                    46  60 -14  29
QQQ 3637 202000823730:t36 00:04:11.160 00:04:25.480  67  58  50  38  39  51  70  63  74  60   0  56                                        38  56 -18  -4
QQQ 3738 202000823730:t37 00:04:25.480 00:04:39.960  51  46  54  57  50  75  56  69  71  56   0                                            46 100 -54 -36
Starting round 0 with 38 clusters
0 : 0
1 : 1
2 : 2
3 : 3
4 : 4
5 : 5
6 : 6
7 : 7
8 : 8
9 : 9
10 : 10
11 : 11
12 : 12
13 : 13
14 : 14
15 : 15
16 : 16
17 : 17
18 : 18
19 : 19
20 : 20
21 : 21
22 : 22
23 : 23
24 : 24
25 : 25
26 : 26
27 : 27
28 : 28
29 : 29
30 : 30
31 : 31
32 : 32
33 : 33
34 : 34
35 : 35
36 : 36
37 : 37
XXX:0:1:2:3:4:5:6:7:8:9:10:11:12:13:14:15:16:17:18:19:20:21:22:23:24:25:26:27:28:29:30:31:32:33:34:35:36:37
matrix<float> 38x38
0 2450.92 2091.39 2107.21 2029.27 2067.63 2076.51 1722.9 1586.15 1754.28 2073.84 1879.8 1874.2 1213.85 1713.61 1825.17 2057.44 2307.03 2076.28 2259.49 1696.94 1923.16 2216.67 1892.2 2274.78 1638.48 1840.18 1540.87 1843.15 1743.8 1598.61 1356.58 2489.32 1860.22 2149.43 2414.11 1886.47 1763.26 
2450.92 0 2755.39 2711.52 2329.95 2643.92 2945.32 2471.15 2445.01 2516.54 2736.2 2550.77 2737.86 2204.47 2473.58 2671.29 2514.13 2555.25 2604.48 2612.66 1988.96 2416.19 1996.85 2376.04 2446.33 2310.5 2245.16 2210.2 2203.69 2639.71 2642.98 2289.87 3210.33 2396.2 2595.46 2803.04 2505.72 2273.9 
2091.39 2755.39 0 1620.61 1546.94 1537.54 1462.03 1330.27 1019.46 965.374 1566.86 1468.52 1539.64 1302.5 1337.91 1175.37 1180.2 1761.89 1621.85 2012.75 1648.85 1446.42 2032.89 1272.1 2190.43 1733.33 2173.18 1878.63 1681.39 1547.49 1678.61 1716.32 2483.6 1887.67 2265.11 2109.45 1532.33 1326.93 
2107.21 2711.52 1620.61 0 1447.45 965.516 1260.07 1595.04 1571.51 1474.22 1804.51 1871.28 1712.82 1330.99 1612.98 1085.46 1645 1376.3 1864.27 1515.54 1621.17 1461.21 1641.91 1861.85 1622.83 1637.84 1753.21 1642.47 2004.65 2074.58 2025.85 1923.7 2335.18 1778.8 2157.05 2229.5 2107.12 1599.73 
2029.27 2329.95 1546.94 1447.45 0 1411.12 1831.94 1654.15 1260.04 1326.51 1838.62 1725.74 1794.15 1115.62 1660.67 1588.43 1540.21 1911.57 1834.39 1939.7 1458.09 1413.1 1924.45 1713.42 1832.1 1324.58 1929.99 1770.51 1795.11 1911.07 1930.31 1766.34 2504.64 1890.24 2175.06 2347.78 2119.98 1527.3 
2067.63 2643.92 1537.54 965.516 1411.12 0 954.243 1527.65 1420.62 990.645 1675.23 1636.01 1511.41 1308.95 1534.84 961.371 1684.98 1632.98 1898.17 1433.26 1518.49 1471.31 1803 1915.18 1805.47 1719.56 1704.26 1493.52 1857.44 1939.75 1939.83 1840.13 2274.85 1874.47 2008.17 2230.98 2006.59 1766.74 
2076.51 2945.32 1462.03 1260.07 1831.94 954.243 0 1398.13 1339.04 1231.34 1659.65 1742.6 1462.6 1488.51 1399.74 751.836 1844.91 1604.18 2051.42 1670.19 1727.18 1672.4 1944.18 1988.92 1807.69 1902.24 1522.87 1618.54 1903.29 1880.57 1790.83 1964.05 1811.94 1995.43 2128.44 2289.36 1935.27 1873.09 
1722.9 2471.15 1330.27 1595.04 1654.15 1527.65 1398.13 0 1006.9 1048.2 540.618 819.934 462.293 1292.44 12.5968 1259.78 1341.81 1600.7 1581.42 1750.61 1625.85 1316.54 1913.24 1300.37 1822.42 1408.84 1642.82 1430.42 1334.49 1060.69 1015.51 1407.85 1630.61 1528.94 1781.63 1402.24 1359.31 1491.75 
1586.15 2445.01 1019.46 1571.51 1260.04 1420.62 1339.04 1006.9 0 738.724 1453.31 1238.14 1364.95 937.282 1005.19 1009.52 1423.46 1837.1 1565.16 1887.77 1554.68 1248.8 1897.31 1360.12 1915.78 1501.17 1789.95 1517.56 1484.45 1160.19 1253.32 1419.17 2134.23 1750.34 2150.97 1940.61 1402.6 1472.02 
1754.28 2516.54 965.374 1474.22 1326.51 990.645 1231.34 1048.2 738.724 0 1409.42 1255.6 1262.35 1149.56 1049.78 976.075 1382.33 1730.51 1559.7 1800.55 1484.55 1215.97 1900.34 1512.03 1956.48 1516.54 1820.56 1468.84 1376.96 1293.71 1451.76 1459.16 2115.68 1767.09 2014.16 1846.8 1609.17 1392.73 
2073.84 2736.2 1566.86 1804.51 1838.62 1675.23 1659.65 540.618 1453.31 1409.42 0 939.356 140.324 1550.72 578.174 1622.12 1275.3 1696.81 1694.65 1872.62 1681.57 1346.57 2055.7 1270.57 1979.41 1507.28 1940.66 1619.22 1540.39 1287.75 1199.77 1551.65 1920.74 1742.97 1942.5 1695.54 1568.55 1515.05 
1879.8 2550.77 1468.52 1871.28 1725.74 1636.01 1742.6 819.934 1238.14 1255.6 939.356 0 941.448 1442.22 833.133 1520.29 1436.43 1816.02 1795.17 1924.6 1615.73 1405.64 2012.02 1335.02 2072.5 1547.1 1875.85 1634.6 1405.5 1171.63 1094.02 1321.82 1875.23 1744.4 2001.76 1705.71 1396.31 1637.33 
1874.2 2737.86 1539.64 1712.82 1794.15 1511.41 1462.6 462.293 1364.95 1262.35 140.324 941.448 0 1475.12 498.667 1458.68 1346.08 1716.92 1585.6 1813.17 1640.88 1359.1 2017.49 1454.7 1961.5 1504.44 1747.22 1497.47 1544.23 1239.71 1201.13 1468.77 1757.89 1675.23 1818.72 1679.26 1579.7 1640.26 
1213.85 2204.47 1302.5 1330.99 1115.62 1308.95 1488.51 1292.44 937.282 1149.56 1550.72 1442.22 1475.12 0 1289.97 1100.2 1467.4 1682.93 1464.09 1727.06 1213.63 1307.54 1774.53 1379.83 1578.8 1134.59 1521.78 1420.03 1419.82 1445.29 1454.36 1159.25 2247.68 1664.42 2054.07 2077.96 1638.4 1277.51 
1713.61 2473.58 1337.91 1612.98 1660.67 1534.84 1399.74 12.5968 1005.19 1049.78 578.174 833.133 498.667 1289.97 0 1257.9 1358.5 1596.61 1591.21 1759.08 1631.82 1335.57 1913.5 1305.95 1808.7 1416.74 1632.92 1428.44 1324.46 1082.76 1026.31 1413.89 1630.09 1543.58 1786.84 1398.46 1349.36 1499.26 
1825.17 2671.29 1175.37 1085.46 1588.43 961.371 751.836 1259.78 1009.52 976.075 1622.12 1520.29 1458.68 1100.2 1257.9 0 1644.25 1656.83 1837.3 1607.71 1418.49 1487.96 1780.5 1721.95 1758.06 1619.7 1664.27 1490.72 1828.54 1619.4 1700.52 1692.82 2053.29 1774.42 2098.22 2161.67 1643.22 1674.96 
2057.44 2514.13 1180.2 1645 1540.21 1684.98 1844.91 1341.81 1423.46 1382.33 1275.3 1436.43 1346.08 1467.4 1358.5 1644.25 0 1294.36 876.712 1568.79 1252.34 914.397 1541.97 817.467 1772.08 1378.11 1864.51 1677.61 1725.88 1608.1 1639.52 1748.41 2397.62 1913.48 2227.56 1971.1 1285.04 929.85 
2307.03 2555.25 1761.89 1376.3 1911.57 1632.98 1604.18 1600.7 1837.1 1730.51 1696.81 1816.02 1716.92 1682.93 1596.61 1656.83 1294.36 0 1535.33 907.841 1286.71 1285.32 1065.58 1621.99 901.844 1609.94 1149.25 1181.05 1914.54 2219.81 2162.59 2051.53 2129.47 1757.85 2074.06 2221.86 2111.57 1265.24 
2076.28 2604.48 1621.85 1864.27 1834.39 1898.17 2051.42 1581.42 1565.16 1559.7 1694.65 1795.17 1585.6 1464.09 1591.21 1837.3 876.712 1535.33 0 1714.46 1606.01 1040.43 1819.05 1625.67 1798.53 1581.82 1831.47 1774.57 1901.23 2010.16 2039.21 1893.69 2536.52 2184.35 2497.66 2411.6 2040.34 1113.44 
2259.49 2612.66 2012.75 1515.54 1939.7 1433.26 1670.19 1750.61 1887.77 1800.55 1872.62 1924.6 1813.17 1727.06 1759.08 1607.71 1568.79 907.841 1714.46 0 1104.73 1352.28 1415.69 2058.22 1332.67 1517.27 1389.58 983.363 2055.52 2205.05 2199.39 2069.55 2358.29 2074.45 2179.78 2562.83 2291.18 1730.03 
1696.94 1988.96 1648.85 1621.17 1458.09 1518.49 1727.18 1625.85 1554.68 1484.55 1681.57 1615.73 1640.88 1213.63 1631.82 1418.49 1252.34 1286.71 1606.01 1104.73 0 1229.36 1159.2 1496.78 1555.74 1300.07 1565.48 1267.1 1742.83 1714.92 1803.86 1345.64 2323 1571.75 1805.18 2178.38 1815.33 1480.02 
1923.16 2416.19 1446.42 1461.21 1413.1 1471.31 1672.4 1316.54 1248.8 1215.97 1346.57 1405.64 1359.1 1307.54 1335.57 1487.96 914.397 1285.32 1040.43 1352.28 1229.36 0 1291.08 1508.36 1507.76 961.736 1561.19 1270.33 1681.99 1664.5 1708.18 1650.72 2108.91 1556.65 1919.07 1991.51 1890.02 1146.66 
2216.67 1996.85 2032.89 1641.91 1924.45 1803 1944.18 1913.24 1897.31 1900.34 2055.7 2012.02 2017.49 1774.53 1913.5 1780.5 1541.97 1065.58 1819.05 1415.69 1159.2 1291.08 0 1887.29 1347.34 1588 1301.35 1348.75 2114.25 2171 2172.06 1943.35 2112.04 1408.8 1916.12 2154.35 2252.72 1745.95 
1892.2 2376.04 1272.1 1861.85 1713.42 1915.18 1988.92 1300.37 1360.12 1512.03 1270.57 1335.02 1454.7 1379.83 1305.95 1721.95 817.467 1621.99 1625.67 2058.22 1496.78 1508.36 1887.29 0 1985.66 1553.07 2074.7 1796.03 1419.77 1213.73 1213.98 1424.8 2309.84 1769.03 2176.61 1915.9 509.714 1119.29 
2274.78 2446.33 2190.43 1622.83 1832.1 1805.47 1807.69 1822.42 1915.78 1956.48 1979.41 2072.5 1961.5 1578.8 1808.7 1758.06 1772.08 901.844 1798.53 1332.67 1555.74 1507.76 1347.34 1985.66 0 1371.53 547.969 1074.15 2150.17 2298.53 2352.29 2170.8 1949.34 1999.1 2360.3 2617.76 2384.27 1590.75 
1638.48 2310.5 1733.33 1637.84 1324.58 1719.56 1902.24 1408.84 1501.17 1516.54 1507.28 1547.1 1504.44 1134.59 1416.74 1619.7 1378.11 1609.94 1581.82 1517.27 1300.07 961.736 1588 1553.07 1371.53 0 1400.19 1136.52 1596.45 1684.73 1668.4 1551.96 2075.85 1625.5 1869.42 2270.23 1838.49 1349.14 
1840.18 2245.16 2173.18 1753.21 1929.99 1704.26 1522.87 1642.82 1789.95 1820.56 1940.66 1875.85 1747.22 1521.78 1632.92 1664.27 1864.51 1149.25 1831.47 1389.58 1565.48 1561.19 1301.35 2074.7 547.969 1400.19 0 917.194 1939.99 2089.76 2067.46 1951.43 1615.82 1709.6 1886.46 2411.67 2140.47 1857.98 
1540.87 2210.2 1878.63 1642.47 1770.51 1493.52 1618.54 1430.42 1517.56 1468.84 1619.22 1634.6 1497.47 1420.03 1428.44 1490.72 1677.61 1181.05 1774.57 983.363 1267.1 1270.33 1348.75 1796.03 1074.15 1136.52 917.194 0 1821.94 1808.83 1743.18 1635.88 1975.58 1537.97 1516.75 2237.09 1867.48 1635.01 
1843.15 2203.69 1681.39 2004.65 1795.11 1857.44 1903.29 1334.49 1484.45 1376.96 1540.39 1405.5 1544.23 1419.82 1324.46 1828.54 1725.88 1914.54 1901.23 2055.52 1742.83 1681.99 2114.25 1419.77 2150.17 1596.45 1939.99 1821.94 0 1574.41 1416.25 1561.69 2014.45 2009.84 2280.24 2138.13 1615.12 1470.71 
1743.8 2639.71 1547.49 2074.58 1911.07 1939.75 1880.57 1060.69 1160.19 1293.71 1287.75 1171.63 1239.71 1445.29 1082.76 1619.4 1608.1 2219.81 2010.16 2205.05 1714.92 1664.5 2171 1213.73 2298.53 1684.73 2089.76 1808.83 1574.41 0 668.595 1227 1831.45 1832.44 2150.79 1844.41 1222.82 1749.06 
1598.61 2642.98 1678.61 2025.85 1930.31 1939.83 1790.83 1015.51 1253.32 1451.76 1199.77 1094.02 1201.13 1454.36 1026.31 1700.52 1639.52 2162.59 2039.21 2199.39 1803.86 1708.18 2172.06 1213.98 2352.29 1668.4 2067.46 1743.18 1416.25 668.595 0 1354.02 1844.93 1810.05 2066.46 1482.17 1261.59 1830.99 
1356.58 2289.87 1716.32 1923.7 1766.34 1840.13 1964.05 1407.85 1419.17 1459.16 1551.65 1321.82 1468.77 1159.25 1413.89 1692.82 1748.41 2051.53 1893.69 2069.55 1345.64 1650.72 1943.35 1424.8 2170.8 1551.96 1951.43 1635.88 1561.69 1227 1354.02 0 2186.68 1800.29 2135.99 2099.24 1630.02 1609.17 
2489.32 3210.33 2483.6 2335.18 2504.64 2274.85 1811.94 1630.61 2134.23 2115.68 1920.74 1875.23 1757.89 2247.68 1630.09 2053.29 2397.62 2129.47 2536.52 2358.29 2323 2108.91 2112.04 2309.84 1949.34 2075.85 1615.82 1975.58 2014.45 1831.45 1844.93 2186.68 0 2116.43 2462.4 2297.2 2244.39 2393.45 
1860.22 2396.2 1887.67 1778.8 1890.24 1874.47 1995.43 1528.94 1750.34 1767.09 1742.97 1744.4 1675.23 1664.42 1543.58 1774.42 1913.48 1757.85 2184.35 2074.45 1571.75 1556.65 1408.8 1769.03 1999.1 1625.5 1709.6 1537.97 2009.84 1832.44 1810.05 1800.29 2116.43 0 774.004 1928.48 2024.36 1789.35 
2149.43 2595.46 2265.11 2157.05 2175.06 2008.17 2128.44 1781.63 2150.97 2014.16 1942.5 2001.76 1818.72 2054.07 1786.84 2098.22 2227.56 2074.06 2497.66 2179.78 1805.18 1919.07 1916.12 2176.61 2360.3 1869.42 1886.46 1516.75 2280.24 2150.79 2066.46 2135.99 2462.4 774.004 0 2141.99 2367.16 2206.58 
2414.11 2803.04 2109.45 2229.5 2347.78 2230.98 2289.36 1402.24 1940.61 1846.8 1695.54 1705.71 1679.26 2077.96 1398.46 2161.67 1971.1 2221.86 2411.6 2562.83 2178.38 1991.51 2154.35 1915.9 2617.76 2270.23 2411.67 2237.09 2138.13 1844.41 1482.17 2099.24 2297.2 1928.48 2141.99 0 1912.58 2270.84 
1886.47 2505.72 1532.33 2107.12 2119.98 2006.59 1935.27 1359.31 1402.6 1609.17 1568.55 1396.31 1579.7 1638.4 1349.36 1643.22 1285.04 2111.57 2040.34 2291.18 1815.33 1890.02 2252.72 509.714 2384.27 1838.49 2140.47 1867.48 1615.12 1222.82 1261.59 1630.02 2244.39 2024.36 2367.16 1912.58 0 1812.46 
1763.26 2273.9 1326.93 1599.73 1527.3 1766.74 1873.09 1491.75 1472.02 1392.73 1515.05 1637.33 1640.26 1277.51 1499.26 1674.96 929.85 1265.24 1113.44 1730.03 1480.02 1146.66 1745.95 1119.29 1590.75 1349.14 1857.98 1635.01 1470.71 1749.06 1830.99 1609.17 2393.45 1789.35 2206.58 2270.84 1812.46 0 
XXy 12.5968
combining clusters
  7 : 7
  14 : 14
Starting round 1 with 38 clusters
0 : 0
1 : 1
2 : 2
3 : 3
4 : 4
5 : 5
6 : 6
7 : 7 14
8 : 8
9 : 9
10 : 10
11 : 11
12 : 12
13 : 13
14 : 15
15 : 16
16 : 17
17 : 18
18 : 19
19 : 20
20 : 21
21 : 22
22 : 23
23 : 24
24 : 25
25 : 26
26 : 27
27 : 28
28 : 29
29 : 30
30 : 31
31 : 32
32 : 33
33 : 34
34 : 35
35 : 36
36 : 37
XXX:0:1:2:3:4:5:6:7:8:9:10:11:12:13:7:14:15:16:17:18:19:20:21:22:23:24:25:26:27:28:29:30:31:32:33:34:35:36
matrix<float> 37x37
0 2450.92 2091.39 2107.21 2029.27 2067.63 2076.51 1713.61 1586.15 1754.28 2073.84 1879.8 1874.2 1213.85 1825.17 2057.44 2307.03 2076.28 2259.49 1696.94 1923.16 2216.67 1892.2 2274.78 1638.48 1840.18 1540.87 1843.15 1743.8 1598.61 1356.58 2489.32 1860.22 2149.43 2414.11 1886.47 1763.26 
2450.92 0 2755.39 2711.52 2329.95 2643.92 2945.32 2471.15 2445.01 2516.54 2736.2 2550.77 2737.86 2204.47 2671.29 2514.13 2555.25 2604.48 2612.66 1988.96 2416.19 1996.85 2376.04 2446.33 2310.5 2245.16 2210.2 2203.69 2639.71 2642.98 2289.87 3210.33 2396.2 2595.46 2803.04 2505.72 2273.9 
2091.39 2755.39 0 1620.61 1546.94 1537.54 1462.03 1330.27 1019.46 965.374 1566.86 1468.52 1539.64 1302.5 1175.37 1180.2 1761.89 1621.85 2012.75 1648.85 1446.42 2032.89 1272.1 2190.43 1733.33 2173.18 1878.63 1681.39 1547.49 1678.61 1716.32 2483.6 1887.67 2265.11 2109.45 1532.33 1326.93 
2107.21 2711.52 1620.61 0 1447.45 965.516 1260.07 1595.04 1571.51 1474.22 1804.51 1871.28 1712.82 1330.99 1085.46 1645 1376.3 1864.27 1515.54 1621.17 1461.21 1641.91 1861.85 1622.83 1637.84 1753.21 1642.47 2004.65 2074.58 2025.85 1923.7 2335.18 1778.8 2157.05 2229.5 2107.12 1599.73 
2029.27 2329.95 1546.94 1447.45 0 1411.12 1831.94 1654.15 1260.04 1326.51 1838.62 1725.74 1794.15 1115.62 1588.43 1540.21 1911.57 1834.39 1939.7 1458.09 1413.1 1924.45 1713.42 1832.1 1324.58 1929.99 1770.51 1795.11 1911.07 1930.31 1766.34 2504.64 1890.24 2175.06 2347.78 2119.98 1527.3 
2067.63 2643.92 1537.54 965.516 1411.12 0 954.243 1527.65 1420.62 990.645 1675.23 1636.01 1511.41 1308.95 961.371 1684.98 1632.98 1898.17 1433.26 1518.49 1471.31 1803 1915.18 1805.47 1719.56 1704.26 1493.52 1857.44 1939.75 1939.83 1840.13 2274.85 1874.47 2008.17 2230.98 2006.59 1766.74 
2076.51 2945.32 1462.03 1260.07 1831.94 954.243 0 1398.13 1339.04 1231.34 1659.65 1742.6 1462.6 1488.51 751.836 1844.91 1604.18 2051.42 1670.19 1727.18 1672.4 1944.18 1988.92 1807.69 1902.24 1522.87 1618.54 1903.29 1880.57 1790.83 1964.05 1811.94 1995.43 2128.44 2289.36 1935.27 1873.09 
1713.61 2471.15 1330.27 1595.04 1654.15 1527.65 1398.13 0 1005.19 1048.2 540.618 819.934 462.293 1289.97 1257.9 1341.81 1596.61 1581.42 1750.61 1625.85 1316.54 1913.24 1300.37 1808.7 1408.84 1632.92 1428.44 1324.46 1060.69 1015.51 1407.85 1630.09 1528.94 1781.63 1398.46 1349.36 1491.75 
1586.15 2445.01 1019.46 1571.51 1260.04 1420.62 1339.04 1005.19 0 738.724 1453.31 1238.14 1364.95 937.282 1009.52 1423.46 1837.1 1565.16 1887.77 1554.68 1248.8 1897.31 1360.12 1915.78 1501.17 1789.95 1517.56 1484.45 1160.19 1253.32 1419.17 2134.23 1750.34 2150.97 1940.61 1402.6 1472.02 
1754.28 2516.54 965.374 1474.22 1326.51 990.645 1231.34 1048.2 738.724 0 1409.42 1255.6 1262.35 1149.56 976.075 1382.33 1730.51 1559.7 1800.55 1484.55 1215.97 1900.34 1512.03 1956.48 1516.54 1820.56 1468.84 1376.96 1293.71 1451.76 1459.16 2115.68 1767.09 2014.16 1846.8 1609.17 1392.73 
2073.84 2736.2 1566.86 1804.51 1838.62 1675.23 1659.65 540.618 1453.31 1409.42 0 939.356 140.324 1550.72 1622.12 1275.3 1696.81 1694.65 1872.62 1681.57 1346.57 2055.7 1270.57 1979.41 1507.28 1940.66 1619.22 1540.39 1287.75 1199.77 1551.65 1920.74 1742.97 1942.5 1695.54 1568.55 1515.05 
